#!/usr/bin/env python3


def fwd_pass(em_ps,tran_m): 
    ''' Inputs are emission probabilities and transition matrix. 
    Return fwd_ps, forward probabilities.'''
    
    return 

################################################################################
# test function

if __name__ == '__main__':
    
    em_ps=[[ 0.316, 0.054, 0.041, 0.142, 0.146, 0.161, 0.139 ],
           [ 0.448, 0.016, 0.045, 0.050, 0.091, 0.152, 0.199 ],
           [ 0.288, 0.145, 0.219, 0.123, 0.123, 0.042, 0.059 ],
           [ 0.401, 0.138, 0.136, 0.195, 0.040, 0.014, 0.074 ],
           [ 0.360, 0.111, 0.115, 0.152, 0.163, 0.004, 0.096 ],
           [ 0.111, 0.197, 0.262, 0.104, 0.011, 0.193, 0.123 ],
           [ 0.087, 0.055, 0.686, 0.040, 0.000, 0.025, 0.107 ],
           [ 0.146, 0.032, 0.257, 0.237, 0.168, 0.157, 0.002 ],
           [ 0.023, 0.022, 0.474, 0.210, 0.111, 0.004, 0.156 ],
           [ 0.122, 0.097, 0.312, 0.063, 0.157, 0.064, 0.184 ],
           [ 0.209, 0.079, 0.012, 0.117, 0.167, 0.401, 0.015 ],
           [ 0.092, 0.167, 0.097, 0.074, 0.186, 0.316, 0.068 ],
           [ 0.112, 0.057, 0.172, 0.104, 0.034, 0.315, 0.206 ],
           [ 0.095, 0.169, 0.127, 0.142, 0.133, 0.284, 0.050 ],
           [ 0.177, 0.093, 0.069, 0.155, 0.085, 0.367, 0.055 ]]
           
    tran_m=[[0.794441,0.093144,0.021889,0.000008,0.090494,0.000016,0.000008 ],
            [0.000083,0.000083,0.856335,0.143249,0.000083,0.000083,0.000083 ],
            [0.058703,0.000022,0.711203,0.225093,0.004936,0.000022,0.000022 ],
            [0.949564,0.000083,0.000083,0.000083,0.050021,0.000083,0.000083 ],
            [0.000082,0.000082,0.000082,0.000082,0.000082,0.999508,0.000082 ],
            [0.000061,0.000010,0.000010,0.000010,0.000010,0.875299,0.124599 ],
            [0.960154,0.026318,0.013200,0.000082,0.000082,0.000082,0.000082 ]]
    
    fwd_pass(em_ps,tran_m)
    
# C 0.794441, 0.093144, 0.021889, 0.000008, 0.090494, 0.000016, 0.000008
# D 0.000083, 0.000083, 0.856335, 0.143249, 0.000083, 0.000083, 0.000083
# E 0.058703, 0.000022, 0.711203, 0.225093, 0.004936, 0.000022, 0.000022
# F 0.949564, 0.000083, 0.000083, 0.000083, 0.050021, 0.000083, 0.000083
# G 0.000082, 0.000082, 0.000082, 0.000082, 0.000082, 0.999508, 0.000082
# H 0.000061, 0.000010, 0.000010, 0.000010, 0.000010, 0.875299, 0.124599
# I 0.960154, 0.026318, 0.013200, 0.000082, 0.000082, 0.000082, 0.000082    

