for_trans_p=[\
[0.589541670,0.060511909,0.045432322,0.219645705,0.058522244,0.026346149],\
[0.548555018,0.213965168,0.016099798,0.109371718,0.102744410,0.009263888],\
[0.580449875,0.011656701,0.036400824,0.331924747,0.021980547,0.017587307],\
[0.537391033,0.026853730,0.053032910,0.300274387,0.043121832,0.039326108],\
[0.541956143,0.124067237,0.047722174,0.180591586,0.074332346,0.031330514],\
[0.567330135,0.011015015,0.034973878,0.346962144,0.016140405,0.023578423],\
[0.673008704,0.011966375,0.016390561,0.258710691,0.016772793,0.023150875],\
[0.843558041,0.004530413,0.013023118,0.129128318,0.003408709,0.006351402],\
[0.848381751,0.003972220,0.010526661,0.063331631,0.063890520,0.009897217],\
[0.725325188,0.009717887,0.013943011,0.223162961,0.012534551,0.015316402],\
[0.762790169,0.004931628,0.013449072,0.202675211,0.006434541,0.009719378],\
[0.854167044,0.010608910,0.011777029,0.100395733,0.021287424,0.001763861],\
[0.270877291,0.071499285,0.189478105,0.139968600,0.150028500,0.178148219],\
[0.270877291,0.071499285,0.189478105,0.139968600,0.150028500,0.178148219],\
[0.708867893,0.015922851,0.042823428,0.196872496,0.016618877,0.018894455],\
[0.270877291,0.071499285,0.189478105,0.139968600,0.150028500,0.178148219],\
[0.270877291,0.071499285,0.189478105,0.139968600,0.150028500,0.178148219],\
[0.599334714,0.005816474,0.036843398,0.324833453,0.005331863,0.027840097],\
[0.459692060,0.043435240,0.110517158,0.230945437,0.103866595,0.051543510],\
[0.675047330,0.023332177,0.068622464,0.177629209,0.029817810,0.025551010],\
[0.462621571,0.023288089,0.085651155,0.347798310,0.049632569,0.031008305],\
[0.555793212,0.022693668,0.066832647,0.269535047,0.046938536,0.038206890],\
[0.670881277,0.024031912,0.036154956,0.209349575,0.034595603,0.024986677],\
[0.603814411,0.020159434,0.048920597,0.268865713,0.035670006,0.022569839],\
[0.559882873,0.015327936,0.070174192,0.256633440,0.029234886,0.068746672],\
[0.700296325,0.006060018,0.038601024,0.214170162,0.013735069,0.027137403],\
[0.662317290,0.000785714,0.046038237,0.254285357,0.034615710,0.001957692],\
[0.585004616,0.013188243,0.056956485,0.261095063,0.022559435,0.061196158],\
[0.706454113,0.004455146,0.027067138,0.235087940,0.007286150,0.019649513],\
[0.759967167,0.003854316,0.051041293,0.151582620,0.004136798,0.029417805],\
[0.270877291,0.071499285,0.189478105,0.139968600,0.150028500,0.178148219],\
[0.270877291,0.071499285,0.189478105,0.139968600,0.150028500,0.178148219],\
[0.571015921,0.012069437,0.015512834,0.358762860,0.031774929,0.010864020],\
[0.270877291,0.071499285,0.189478105,0.139968600,0.150028500,0.178148219],\
[0.270877291,0.071499285,0.189478105,0.139968600,0.150028500,0.178148219],\
[0.651006216,0.004277316,0.023674799,0.299196950,0.006824741,0.015019978],\
[0.086655054,0.424592725,0.001206450,0.086409309,0.392985776,0.008150685],\
[0.212360318,0.210684856,0.001592269,0.102016546,0.471848952,0.001497059],\
[0.138093839,0.369138667,0.000482137,0.122493559,0.354071314,0.015720483],\
[0.121608344,0.336520225,0.001425636,0.096993847,0.432907005,0.010544943],\
[0.254792852,0.244467125,0.000889577,0.099248681,0.376291203,0.024310562],\
[0.193636151,0.438845860,0.014996437,0.083150474,0.268150872,0.001220205],\
[0.084444804,0.423053478,0.000784420,0.110468627,0.374319251,0.006929420],\
[0.197236419,0.491732196,0.002060070,0.069660550,0.237251161,0.002059605],\
[0.171682931,0.519842496,0.003508888,0.058147582,0.243519029,0.003299073],\
[0.152095021,0.417578584,0.001445465,0.131980376,0.290787022,0.006113533],\
[0.235224196,0.380625358,0.001584630,0.101348911,0.279359712,0.001857192],\
[0.197917387,0.662443442,0.019185158,0.018386610,0.099194016,0.002873387],\
[0.270877291,0.071499285,0.189478105,0.139968600,0.150028500,0.178148219],\
[0.270877291,0.071499285,0.189478105,0.139968600,0.150028500,0.178148219],\
[0.164484556,0.476871383,0.001804571,0.153713985,0.191905029,0.011220475],\
[0.270877291,0.071499285,0.189478105,0.139968600,0.150028500,0.178148219],\
[0.270877291,0.071499285,0.189478105,0.139968600,0.150028500,0.178148219],\
[0.022573315,0.172624856,0.015789987,0.178330685,0.512502073,0.098179085],\
[0.060782886,0.239360696,0.000974976,0.081175338,0.602243497,0.015462607],\
[0.215847654,0.218925637,0.010580308,0.106222169,0.439572693,0.008851538],\
[0.109898264,0.344830476,0.002499406,0.133721425,0.396289984,0.012760445],\
[0.139067188,0.182180725,0.004559690,0.148793793,0.509026090,0.016372514],\
[0.299914595,0.138039585,0.006420762,0.232082017,0.302492748,0.021050293],\
[0.224055308,0.316250918,0.008139331,0.141784270,0.301672963,0.008097212],\
[0.040014538,0.224905714,0.002041769,0.087891691,0.631735404,0.013410884],\
[0.098528459,0.205080900,0.005458466,0.135695279,0.538094720,0.017142176],\
[0.070489151,0.487439608,0.000401441,0.053262647,0.388029716,0.000377436],\
[0.079348111,0.266263323,0.003507253,0.092101380,0.547259537,0.011520396],\
[0.154375421,0.171227024,0.006865968,0.160484842,0.495463878,0.011582867],\
[0.115756702,0.489109197,0.001633901,0.027664794,0.365590696,0.000244712],\
[0.270877291,0.071499285,0.189478105,0.139968600,0.150028500,0.178148219],\
[0.270877291,0.071499285,0.189478105,0.139968600,0.150028500,0.178148219],\
[0.347100967,0.199550692,0.000662517,0.213776111,0.234790306,0.004119405],\
[0.270877291,0.071499285,0.189478105,0.139968600,0.150028500,0.178148219],\
[0.270877291,0.071499285,0.189478105,0.139968600,0.150028500,0.178148219],\
[0.305417539,0.081429984,0.043789591,0.282799343,0.243000551,0.043562991],\
[0.000016490,0.000004353,0.841735525,0.000008521,0.000009133,0.158225978],\
[0.001010746,0.000266791,0.851453252,0.000522276,0.000559813,0.146187121],\
[0.000205680,0.000054290,0.893082362,0.000106279,0.000113918,0.106437471],\
[0.000020515,0.000005415,0.912313653,0.000010601,0.000011362,0.087638454],\
[0.000223683,0.000059042,0.944830281,0.000115582,0.000123889,0.054647522],\
[0.000780634,0.000206052,0.767116635,0.000403372,0.000432363,0.231060944],\
[0.007524442,0.001986111,0.894151974,0.003888054,0.004167499,0.088281920],\
[0.003043595,0.000803371,0.968421015,0.001572696,0.001685730,0.024473593],\
[0.270877291,0.071499285,0.189478105,0.139968600,0.150028500,0.178148219],\
[0.007128419,0.001881578,0.978670269,0.003683420,0.003948157,0.004688157],\
[0.000730135,0.000192722,0.978947359,0.000377278,0.000404394,0.019348113],\
[0.090293032,0.023833254,0.729824234,0.046656511,0.050009833,0.059383135],\
[0.000008766,0.000002314,0.520912281,0.000004530,0.000004855,0.479067254],\
[0.000520923,0.000137500,0.656133603,0.000269173,0.000288519,0.342650282],\
[0.157690607,0.001289842,0.419674280,0.085051413,0.007286851,0.329007007],\
[0.000022064,0.000005824,0.245840961,0.000011401,0.000012220,0.754107530],\
[0.000301984,0.000079710,0.428304878,0.000156042,0.000167258,0.570990127],\
[0.101847200,0.000108789,0.194553045,0.111804295,0.003759361,0.587927310],\
[0.000036074,0.000009522,0.677745302,0.000018640,0.000019980,0.322170482],\
[0.000500702,0.000132163,0.802568340,0.000258725,0.000277320,0.196262751],\
[0.000201848,0.000053279,0.781810337,0.000104300,0.000111796,0.217718441],\
[0.000058594,0.000015466,0.732033198,0.000030277,0.000032453,0.267830012],\
[0.000152094,0.000040146,0.831661691,0.000078591,0.000084239,0.167983239],\
[0.000382059,0.000100846,0.704075420,0.000197419,0.000211608,0.295032647],\
[0.004369032,0.001153226,0.422410900,0.002257580,0.002419838,0.567389425],\
[0.002132913,0.000562992,0.828263557,0.001102126,0.001181338,0.166757073],\
[0.270877291,0.071499285,0.189478105,0.139968600,0.150028500,0.178148219],\
[0.002238678,0.000590909,0.811483239,0.001156777,0.001239917,0.183290481],\
[0.000366054,0.000096622,0.892147934,0.000189149,0.000202743,0.106997499],\
[0.022573315,0.005958328,0.599122834,0.011664157,0.012502490,0.348178877],\
[0.000019733,0.000005209,0.786711552,0.000010197,0.000010930,0.213242380],\
[0.000198592,0.000052419,0.813921900,0.000102617,0.000109993,0.185614478],\
[0.100131475,0.000180756,0.849513806,0.004638777,0.000137726,0.045397459],\
[0.000032668,0.000008623,0.563336888,0.000016880,0.000018093,0.436586848],\
[0.000159435,0.000042084,0.662265729,0.000082384,0.000088305,0.337362064],\
[0.079024502,0.000027761,0.500318054,0.031472704,0.000299621,0.388857359],\
[0.493638630,0.103564314,0.048795551,0.193981842,0.125349248,0.034670414],\
[0.530354923,0.161496972,0.027447947,0.135276808,0.132972903,0.012450447],\
[0.595172917,0.062422015,0.056107036,0.190294970,0.064837325,0.031165736],\
[0.494728849,0.069601942,0.053380328,0.235639186,0.102483413,0.044166281],\
[0.569075075,0.061497959,0.057296896,0.192917966,0.074840162,0.044371943],\
[0.589976009,0.071231505,0.048316861,0.192298667,0.068485951,0.029691007],\
[0.651334471,0.040012470,0.036892114,0.208685656,0.036876496,0.026198792],\
[0.765691835,0.032291800,0.038530369,0.125529264,0.019677231,0.018279501],\
[0.698467001,0.056394707,0.062604178,0.165261492,0.007896312,0.009376311],\
[0.625799012,0.034957928,0.027584133,0.241064664,0.044733846,0.025860418],\
[0.742045131,0.028047147,0.022213866,0.172582004,0.017879185,0.017232668],\
[0.816944958,0.027619996,0.015859731,0.121866250,0.015333731,0.002375333],\
[0.270877291,0.071499285,0.189478105,0.139968600,0.150028500,0.178148219],\
[0.270877291,0.071499285,0.189478105,0.139968600,0.150028500,0.178148219],\
[0.685640605,0.042578386,0.059215560,0.141867064,0.036041356,0.034657029],\
[0.270877291,0.071499285,0.189478105,0.139968600,0.150028500,0.178148219],\
[0.270877291,0.071499285,0.189478105,0.139968600,0.150028500,0.178148219],\
[0.494806935,0.031655389,0.080313263,0.291487981,0.041637384,0.060099048],\
[0.338913218,0.039154381,0.059052498,0.266532921,0.230462524,0.065884458],\
[0.510697141,0.037399905,0.069112917,0.237611646,0.103626870,0.041551520],\
[0.411791419,0.037371675,0.069946089,0.290928117,0.142657054,0.047305645],\
[0.277666461,0.019062195,0.044549846,0.434657737,0.141969941,0.082093820],\
[0.362451996,0.017952264,0.038454694,0.426247103,0.097218042,0.057675900],\
[0.348409420,0.020057274,0.056949401,0.388703604,0.103698671,0.082181630],\
[0.344307592,0.017044272,0.087638559,0.345242605,0.094122076,0.111644897],\
[0.507844160,0.012171001,0.089253641,0.282484192,0.051324752,0.056922253],\
[0.407537932,0.034511232,0.148196388,0.282471541,0.102809314,0.024473593],\
[0.346957371,0.013382934,0.052112884,0.430161460,0.091077402,0.066307948],\
[0.383784955,0.007164640,0.035994521,0.491530987,0.032695718,0.048829178],\
[0.542313361,0.010591379,0.083411997,0.283241266,0.045344929,0.035097068],\
[0.270877291,0.071499285,0.189478105,0.139968600,0.150028500,0.178148219],\
[0.270877291,0.071499285,0.189478105,0.139968600,0.150028500,0.178148219],\
[0.623115518,0.024463069,0.048807171,0.219356203,0.052420465,0.031837573],\
[0.270877291,0.071499285,0.189478105,0.139968600,0.150028500,0.178148219],\
[0.270877291,0.071499285,0.189478105,0.139968600,0.150028500,0.178148219],\
[0.407035091,0.012780901,0.056426579,0.411445286,0.053936873,0.058375270],\
[0.092121432,0.352230867,0.001572778,0.063565510,0.478465748,0.012043665],\
[0.140663347,0.387383183,0.001383066,0.095912183,0.373357856,0.001300365],\
[0.110126564,0.303660440,0.000471343,0.084925296,0.480472699,0.020343656],\
[0.074412354,0.238648047,0.001929298,0.059013017,0.618970229,0.007027055],\
[0.196781787,0.281044787,0.000458789,0.128668205,0.373244616,0.019801816],\
[0.092999651,0.461301139,0.003427896,0.066685791,0.369308433,0.006277089],\
[0.094148122,0.394450133,0.000533990,0.042027432,0.462872058,0.005968264],\
[0.188261822,0.485744640,0.002329845,0.044688081,0.276002706,0.002972906],\
[0.306328775,0.410055404,0.007017775,0.005184072,0.264815828,0.006598146],\
[0.091241657,0.377101859,0.000885136,0.065511459,0.462931037,0.002328853],\
[0.206911788,0.419814184,0.001970994,0.060609730,0.309220668,0.001472637],\
[0.193302254,0.355335398,0.002398481,0.090379356,0.356329449,0.002255063],\
[0.270877291,0.071499285,0.189478105,0.139968600,0.150028500,0.178148219],\
[0.270877291,0.071499285,0.189478105,0.139968600,0.150028500,0.178148219],\
[0.100609263,0.488870326,0.000202220,0.091931664,0.316061928,0.002324600],\
[0.270877291,0.071499285,0.189478105,0.139968600,0.150028500,0.178148219],\
[0.270877291,0.071499285,0.189478105,0.139968600,0.150028500,0.178148219],\
[0.031771992,0.301787425,0.004736999,0.128499218,0.528750618,0.004453749],\
[0.054231354,0.164213942,0.001876736,0.073057342,0.689159999,0.017460626],\
[0.149361278,0.139751713,0.009586911,0.201693291,0.476315847,0.023290961],\
[0.096301615,0.202110477,0.005289747,0.112550466,0.568371243,0.015376452],\
[0.064216746,0.085146225,0.004051022,0.119166379,0.715498599,0.011921029],\
[0.161741998,0.095793835,0.007893166,0.218515840,0.496199895,0.019855266],\
[0.159932432,0.238062583,0.008513728,0.106107248,0.473383804,0.014000206],\
[0.016635062,0.095319445,0.000879581,0.048881810,0.829182351,0.009101752],\
[0.063137773,0.130554894,0.004038237,0.078268176,0.708782705,0.015218214],\
[0.041863973,0.120099365,0.003752303,0.050914730,0.782807641,0.000561987],\
[0.028896721,0.081982254,0.001443849,0.071686360,0.810526425,0.005464392],\
[0.081097599,0.104891876,0.003909017,0.162125356,0.640609326,0.007366825],\
[0.074524004,0.205031211,0.002578893,0.051990541,0.665665516,0.000209835],\
[0.270877291,0.071499285,0.189478105,0.139968600,0.150028500,0.178148219],\
[0.270877291,0.071499285,0.189478105,0.139968600,0.150028500,0.178148219],\
[0.125845872,0.362664903,0.004554772,0.112424899,0.391629603,0.002879950],\
[0.270877291,0.071499285,0.189478105,0.139968600,0.150028500,0.178148219],\
[0.270877291,0.071499285,0.189478105,0.139968600,0.150028500,0.178148219],\
[0.173378552,0.193483242,0.008220309,0.229742185,0.368943367,0.026232345],\
[0.000027102,0.000007154,0.680259077,0.000014004,0.000015011,0.319677654],\
[0.001340990,0.000353960,0.778165704,0.000692921,0.000742723,0.218703702],\
[0.000375180,0.000099030,0.648461875,0.000193864,0.000207798,0.350662253],\
[0.000043127,0.000011384,0.759941008,0.000022285,0.000023886,0.239958310],\
[0.000281873,0.000074402,0.856596744,0.000145650,0.000156119,0.142745212],\
[0.001188070,0.000313596,0.571006466,0.000613903,0.000658026,0.426219937],\
[0.001054008,0.000278210,0.615523245,0.000544630,0.000583774,0.382016133],\
[0.001464216,0.000386486,0.709132286,0.000756595,0.000810973,0.287449444],\
[0.090293032,0.023833254,0.396492012,0.046656511,0.050009833,0.392715358],\
[0.000970896,0.000256272,0.760535743,0.000501685,0.000537742,0.237197662],\
[0.000268198,0.000070792,0.849692546,0.000138584,0.000148545,0.149681335],\
[0.067719831,0.017874955,0.547368632,0.034992413,0.037507406,0.294536764],\
[0.000055124,0.000014550,0.373257932,0.000028484,0.000030531,0.626613379],\
[0.020836907,0.005499996,0.476113480,0.010766915,0.011540760,0.475241942],\
[0.079924844,0.002423858,0.355669820,0.045901573,0.010222937,0.505856969],\
[0.000056563,0.000014930,0.073750152,0.000029227,0.000031328,0.926117799],\
[0.001672099,0.000441358,0.130799251,0.000864012,0.000926111,0.865297169],\
[0.011259984,0.000192124,0.039643460,0.058146198,0.012154249,0.878603986],\
[0.000049431,0.000013047,0.570290050,0.000025542,0.000027378,0.429594552],\
[0.000746226,0.000196970,0.689227199,0.000385592,0.000413306,0.309030708],\
[0.000325969,0.000086041,0.650047501,0.000168436,0.000180542,0.349191512],\
[0.000042780,0.000011292,0.435437378,0.000022105,0.000023694,0.564462752],\
[0.000129732,0.000034243,0.512542852,0.000067035,0.000071853,0.487154284],\
[0.000462253,0.000122014,0.462780675,0.000238857,0.000256024,0.536140179],\
[0.000752444,0.000198611,0.439415210,0.000388806,0.000416750,0.558828179],\
[0.001382041,0.000364796,0.582599358,0.000714133,0.000765459,0.414174214],\
[0.090293032,0.023833254,0.396492012,0.046656511,0.050009833,0.392715358],\
[0.000496117,0.000130952,0.584596107,0.000256355,0.000274780,0.414245688],\
[0.000151414,0.000039966,0.613856609,0.000078239,0.000083862,0.385789908],\
[0.016929989,0.004468747,0.511842180,0.008748120,0.009376869,0.448634095],\
[0.000047448,0.000012524,0.701206774,0.000024517,0.000026280,0.298682457],\
[0.000730135,0.000192722,0.757923106,0.000377278,0.000404394,0.240372365],\
[0.060304443,0.000315607,0.694091191,0.016838306,0.001315198,0.227135256],\
[0.000034137,0.000009011,0.275764269,0.000017640,0.000018907,0.724156036],\
[0.000224424,0.000059238,0.437605199,0.000115965,0.000124300,0.561870874],\
[0.028637275,0.000141778,0.287787992,0.043658036,0.002615595,0.637159323]]

back_trans_p=[\
[0.590595200,0.041034989,0.060713623,0.217884483,0.059427375,0.030344330],\
[0.588954332,0.155505620,0.011851547,0.105782526,0.132176729,0.005729246],\
[0.575175959,0.015212551,0.048116277,0.271727692,0.066128192,0.023639328],\
[0.520129301,0.019339407,0.082068997,0.287784492,0.046809875,0.043867928],\
[0.616414384,0.080807575,0.024175372,0.183825141,0.085699160,0.009078368],\
[0.532486285,0.013970147,0.037114669,0.321677604,0.069308120,0.025443175],\
[0.700182226,0.009702593,0.020971161,0.237283269,0.020955894,0.010904857],\
[0.817150970,0.002310950,0.013382752,0.156432848,0.004806897,0.005915582],\
[0.722024937,0.002042857,0.005413713,0.203999085,0.004286570,0.062232839],\
[0.755873847,0.005057185,0.020188303,0.204918294,0.008860507,0.005101864],\
[0.766632801,0.005238858,0.013004716,0.203974584,0.007488557,0.003660483],\
[0.724556905,0.000304255,0.026338212,0.226127522,0.021915020,0.000758085],\
[0.270877291,0.071499285,0.189478105,0.139968600,0.150028500,0.178148219],\
[0.270877291,0.071499285,0.189478105,0.139968600,0.150028500,0.178148219],\
[0.481987970,0.007950066,0.040999354,0.419901700,0.039882530,0.009278379],\
[0.270877291,0.071499285,0.189478105,0.139968600,0.150028500,0.178148219],\
[0.270877291,0.071499285,0.189478105,0.139968600,0.150028500,0.178148219],\
[0.636764055,0.009571656,0.034343332,0.283473779,0.016205299,0.019641879],\
[0.559619568,0.024872484,0.063581140,0.249082228,0.056574926,0.046269653],\
[0.658120755,0.042458608,0.037388331,0.196432414,0.034277161,0.031322731],\
[0.559009276,0.012993235,0.060569835,0.271578511,0.057557746,0.038291397],\
[0.550486522,0.015880273,0.050890022,0.296978129,0.048011038,0.037754017],\
[0.646879940,0.028385859,0.031532936,0.234879023,0.033869977,0.024452266],\
[0.544449396,0.008068846,0.046120172,0.308006738,0.061099668,0.032255180],\
[0.640213930,0.006904960,0.015999088,0.295850821,0.029380894,0.011650308],\
[0.687540256,0.005396736,0.012425206,0.266538536,0.011811067,0.016288199],\
[0.571148571,0.001349056,0.003575094,0.398867283,0.002830754,0.022229241],\
[0.612585780,0.006561998,0.017163393,0.325371469,0.026681742,0.011635617],\
[0.556319030,0.003093555,0.011702070,0.411783873,0.009337333,0.007764138],\
[0.707250376,0.000218654,0.025044281,0.235902042,0.024923638,0.006661009],\
[0.270877291,0.071499285,0.189478105,0.139968600,0.150028500,0.178148219],\
[0.270877291,0.071499285,0.189478105,0.139968600,0.150028500,0.178148219],\
[0.517015503,0.011943692,0.035601055,0.362948823,0.062592201,0.009898726],\
[0.270877291,0.071499285,0.189478105,0.139968600,0.150028500,0.178148219],\
[0.270877291,0.071499285,0.189478105,0.139968600,0.150028500,0.178148219],\
[0.610483545,0.008420233,0.048373993,0.287951847,0.026203674,0.018566708],\
[0.109687456,0.483888157,0.000985114,0.068106879,0.331743305,0.005589088],\
[0.254377121,0.336735266,0.001592269,0.118823267,0.278571657,0.009900419],\
[0.153995815,0.429371253,0.000707015,0.075149139,0.336380696,0.004396082],\
[0.186537831,0.327616608,0.000341216,0.092696491,0.389888131,0.002919722],\
[0.308546547,0.219499984,0.008682335,0.132408530,0.314963700,0.015898904],\
[0.288469689,0.277581669,0.000938020,0.109603806,0.322524885,0.000881931],\
[0.099835592,0.484919921,0.000927387,0.065711976,0.347376125,0.001228999],\
[0.203425992,0.491712013,0.001157014,0.073392709,0.228622149,0.001690123],\
[0.103009766,0.556349938,0.002105333,0.068221881,0.257222527,0.013090554],\
[0.256596130,0.336453508,0.000632331,0.112042024,0.294042432,0.000233575],\
[0.282592530,0.372475287,0.000849947,0.080238431,0.263445678,0.000398128],\
[0.439302030,0.270656742,0.001024216,0.141297127,0.146756911,0.000962973],\
[0.270877291,0.071499285,0.189478105,0.139968600,0.150028500,0.178148219],\
[0.270877291,0.071499285,0.189478105,0.139968600,0.150028500,0.178148219],\
[0.061940268,0.165204411,0.000363685,0.071285930,0.697024996,0.004180710],\
[0.270877291,0.071499285,0.189478105,0.139968600,0.150028500,0.178148219],\
[0.270877291,0.071499285,0.189478105,0.139968600,0.150028500,0.178148219],\
[0.251605960,0.159346031,0.014575373,0.010766915,0.550001885,0.013703836],\
[0.121998434,0.283187861,0.000978013,0.081057391,0.508241882,0.004536419],\
[0.172817198,0.274866036,0.002029829,0.104334418,0.442235539,0.003716979],\
[0.172404581,0.355030493,0.002198669,0.088983307,0.379205224,0.002177726],\
[0.165756328,0.196815938,0.001002666,0.132392320,0.501147446,0.002885303],\
[0.213924032,0.224934628,0.000434587,0.179220111,0.378784464,0.002702179],\
[0.183068724,0.251578722,0.000523425,0.124696046,0.439640955,0.000492127],\
[0.084732579,0.227041812,0.000635879,0.073541422,0.612869790,0.001178519],\
[0.142496054,0.235144186,0.000348723,0.122016392,0.499116465,0.000878180],\
[0.049377004,0.284027537,0.001491968,0.071968262,0.591732473,0.001402756],\
[0.116544099,0.166006099,0.000045319,0.162673994,0.553013639,0.001716850],\
[0.204080292,0.163068524,0.000273468,0.182812475,0.448693421,0.001071820],\
[0.353422839,0.235058661,0.000966735,0.123163106,0.286479730,0.000908929],\
[0.270877291,0.071499285,0.189478105,0.139968600,0.150028500,0.178148219],\
[0.270877291,0.071499285,0.189478105,0.139968600,0.150028500,0.178148219],\
[0.116119500,0.096163976,0.000872693,0.155641943,0.629603833,0.001598056],\
[0.270877291,0.071499285,0.189478105,0.139968600,0.150028500,0.178148219],\
[0.270877291,0.071499285,0.189478105,0.139968600,0.150028500,0.178148219],\
[0.264881071,0.143049861,0.003206145,0.178274847,0.407412469,0.003175606],\
[0.000012505,0.000003301,0.661905155,0.000006462,0.000006926,0.338065652],\
[0.000687513,0.000181472,0.817739776,0.000355254,0.000380787,0.180655198],\
[0.000205680,0.000054290,0.657698917,0.000106279,0.000113918,0.341820916],\
[0.000034064,0.000008991,0.500778355,0.000017602,0.000018867,0.499142121],\
[0.000673831,0.000177861,0.836292218,0.000348184,0.000373209,0.162134697],\
[0.000374661,0.000098893,0.528616148,0.000193596,0.000207510,0.470509191],\
[0.015048881,0.003972220,0.954970581,0.007776107,0.008334995,0.009897217],\
[0.005110942,0.001349056,0.946971142,0.002640943,0.002830754,0.041097162],\
[0.270877291,0.071499285,0.189478105,0.139968600,0.150028500,0.178148219],\
[0.014256835,0.003763156,0.852077446,0.007366838,0.007896312,0.114639413],\
[0.010032589,0.002648147,0.747758242,0.005184072,0.005556665,0.228820286],\
[0.090293032,0.023833254,0.396492012,0.046656511,0.050009833,0.392715358],\
[0.000012008,0.000003170,0.498988806,0.000006205,0.000006651,0.500983161],\
[0.002579809,0.000680952,0.877994964,0.001333047,0.001428857,0.115982370],\
[0.225485338,0.004777916,0.419656643,0.042279750,0.005381383,0.302418970],\
[0.000014660,0.000003869,0.328563128,0.000007575,0.000008119,0.671402649],\
[0.000288785,0.000076226,0.554573000,0.000149222,0.000159947,0.444752820],\
[0.130454028,0.001569258,0.206963556,0.081587486,0.004513329,0.574912343],\
[0.000019269,0.000005086,0.879797231,0.000009957,0.000010672,0.120157786],\
[0.000308871,0.000081528,0.875928702,0.000159601,0.000171072,0.123350227],\
[0.000201698,0.000053239,0.795375631,0.000104222,0.000111713,0.204153498],\
[0.000076197,0.000020113,0.719884521,0.000039373,0.000042203,0.279937594],\
[0.000341589,0.000090164,0.819911062,0.000176507,0.000189193,0.179291486],\
[0.000325969,0.000086041,0.752333902,0.000168436,0.000180542,0.246905111],\
[0.002821666,0.000744792,0.981140314,0.001458021,0.001562812,0.012272395],\
[0.000575117,0.000151805,0.972801423,0.000297176,0.000318535,0.025855944],\
[0.270877291,0.071499285,0.189478105,0.139968600,0.150028500,0.178148219],\
[0.002944348,0.000777174,0.936842072,0.001521413,0.001630761,0.056284233],\
[0.000851824,0.000224843,0.931413430,0.000440157,0.000471792,0.066597954],\
[0.090293032,0.023833254,0.729824234,0.046656511,0.050009833,0.059383135],\
[0.000028039,0.000007401,0.938845820,0.000014488,0.000015529,0.061088723],\
[0.000947133,0.000250000,0.962200945,0.000489406,0.000524580,0.035587936],\
[0.041075575,0.000135962,0.903869345,0.007908007,0.000473621,0.046537490],\
[0.000032802,0.000008658,0.630805216,0.000016950,0.000018168,0.369118206],\
[0.000150656,0.000039766,0.645266670,0.000077848,0.000083443,0.354381616],\
[0.027709725,0.000054636,0.516595481,0.039910912,0.001261181,0.414468065],\
[0.426129378,0.110724379,0.079503207,0.206118738,0.123942157,0.053582141],\
[0.641743897,0.060994719,0.063808186,0.134145071,0.070775215,0.028532911],\
[0.623821446,0.068529884,0.089629167,0.150916702,0.040669258,0.026433543],\
[0.459915408,0.062590902,0.128406519,0.214740376,0.083088888,0.051257908],\
[0.704507857,0.035779643,0.062414408,0.127368707,0.046765785,0.023163600],\
[0.611892854,0.053654363,0.068244913,0.181447553,0.059111294,0.025649023],\
[0.531182736,0.081441537,0.062137907,0.220374656,0.065988391,0.038874774],\
[0.762304819,0.030148658,0.071136883,0.105258938,0.011099348,0.020051354],\
[0.358672335,0.164094550,0.059175119,0.301080189,0.058108903,0.058868903],\
[0.624017542,0.035267898,0.066584931,0.207465891,0.044971608,0.021692131],\
[0.799928412,0.025240206,0.034088314,0.122645063,0.010127642,0.007970363],\
[0.760984991,0.018441818,0.040689017,0.145963522,0.026000108,0.007920545],\
[0.270877291,0.071499285,0.189478105,0.139968600,0.150028500,0.178148219],\
[0.270877291,0.071499285,0.189478105,0.139968600,0.150028500,0.178148219],\
[0.426344213,0.036363534,0.087893900,0.283500039,0.124080592,0.041817722],\
[0.270877291,0.071499285,0.189478105,0.139968600,0.150028500,0.178148219],\
[0.270877291,0.071499285,0.189478105,0.139968600,0.150028500,0.178148219],\
[0.530076879,0.023240907,0.064020482,0.271283954,0.065545580,0.045832198],\
[0.337106765,0.053703495,0.048477230,0.305254846,0.208546540,0.046911125],\
[0.479209375,0.048389959,0.054176016,0.257844249,0.127110668,0.033269733],\
[0.383903957,0.047479099,0.053818741,0.320082727,0.144600485,0.050114990],\
[0.241057457,0.022719801,0.031144044,0.434486580,0.223000849,0.047591269],\
[0.474701357,0.022562879,0.034781283,0.323202260,0.115835405,0.028916815],\
[0.312116592,0.020795098,0.026525382,0.429817542,0.158043793,0.052701594],\
[0.380765051,0.027491128,0.032188204,0.396341346,0.114131825,0.049082446],\
[0.602754168,0.013487522,0.035377535,0.274765894,0.035368823,0.038246058],\
[0.265007435,0.034504234,0.035504065,0.501186144,0.111440923,0.052357199],\
[0.339656189,0.024635385,0.024948106,0.487032158,0.102139868,0.021588294],\
[0.482466442,0.008764965,0.018964130,0.440378279,0.034927757,0.014498427],\
[0.547680895,0.019002830,0.022999018,0.328565975,0.062547225,0.019204056],\
[0.270877291,0.071499285,0.189478105,0.139968600,0.150028500,0.178148219],\
[0.270877291,0.071499285,0.189478105,0.139968600,0.150028500,0.178148219],\
[0.389976401,0.031204330,0.067405725,0.344040425,0.133535067,0.033838052],\
[0.270877291,0.071499285,0.189478105,0.139968600,0.150028500,0.178148219],\
[0.270877291,0.071499285,0.189478105,0.139968600,0.150028500,0.178148219],\
[0.307265841,0.014626925,0.037873855,0.466476111,0.132752549,0.041004718],\
[0.071842133,0.396140075,0.002748504,0.062931639,0.456694371,0.009643278],\
[0.202200364,0.350801385,0.000885421,0.145513872,0.295093584,0.005505374],\
[0.162899156,0.394774150,0.003459521,0.110767935,0.316391434,0.011707803],\
[0.097693469,0.359348706,0.003140929,0.083318430,0.450785592,0.005712874],\
[0.199203094,0.411795390,0.007722712,0.128668205,0.249757936,0.002852663],\
[0.201323831,0.350074476,0.000197375,0.150145801,0.289739612,0.008518906],\
[0.054676877,0.416335944,0.004369912,0.048208028,0.465325876,0.011083364],\
[0.159314147,0.449226829,0.015710448,0.083888887,0.267550507,0.024309183],\
[0.057333907,0.471890823,0.000510728,0.043503961,0.423584975,0.003175606],\
[0.096926358,0.462714779,0.002676315,0.045169993,0.390368681,0.002143875],\
[0.171877595,0.452747975,0.004802451,0.066224668,0.297369250,0.006978061],\
[0.138165554,0.545705848,0.000187976,0.052718224,0.263045662,0.000176736],\
[0.270877291,0.071499285,0.189478105,0.139968600,0.150028500,0.178148219],\
[0.270877291,0.071499285,0.189478105,0.139968600,0.150028500,0.178148219],\
[0.029287491,0.117136565,0.000211237,0.109409107,0.735953202,0.008002397],\
[0.270877291,0.071499285,0.189478105,0.139968600,0.150028500,0.178148219],\
[0.270877291,0.071499285,0.189478105,0.139968600,0.150028500,0.178148219],\
[0.217721468,0.130070980,0.001169630,0.136666473,0.488580402,0.025791048],\
[0.045759649,0.138891796,0.002406055,0.082849543,0.719642977,0.010449980],\
[0.100501111,0.146837239,0.009353314,0.141172928,0.592815320,0.009320088],\
[0.098356273,0.205988495,0.007401504,0.105016818,0.569668925,0.013567985],\
[0.039743832,0.066908769,0.001450339,0.088964761,0.798200715,0.004731584],\
[0.112669586,0.126314482,0.005499390,0.195774966,0.551855191,0.007886385],\
[0.107084354,0.112264508,0.001050110,0.114215812,0.660503608,0.004881607],\
[0.019402329,0.112121538,0.000890820,0.047557745,0.815760504,0.004267064],\
[0.071851906,0.149837269,0.001666789,0.087209321,0.681832665,0.007602049],\
[0.020580701,0.142953502,0.001603073,0.047358449,0.784568763,0.002935512],\
[0.029258070,0.071322134,0.000561044,0.060546852,0.836780913,0.001530987],\
[0.096145077,0.125143161,0.001666439,0.132636872,0.640613628,0.003794823],\
[0.087959105,0.223753634,0.000105973,0.074463070,0.613618582,0.000099636],\
[0.270877291,0.071499285,0.189478105,0.139968600,0.150028500,0.178148219],\
[0.270877291,0.071499285,0.189478105,0.139968600,0.150028500,0.178148219],\
[0.093155314,0.067140376,0.000700106,0.187839887,0.646350808,0.004813508],\
[0.270877291,0.071499285,0.189478105,0.139968600,0.150028500,0.178148219],\
[0.270877291,0.071499285,0.189478105,0.139968600,0.150028500,0.178148219],\
[0.166753006,0.067167771,0.000985485,0.187357057,0.571789581,0.005947100],\
[0.000025075,0.000006619,0.477662638,0.000012957,0.000013888,0.522278825],\
[0.001842721,0.000486395,0.742785528,0.000952177,0.001020612,0.252912568],\
[0.000782890,0.000206647,0.405171896,0.000404538,0.000433613,0.593000416],\
[0.000046415,0.000012252,0.555549944,0.000023984,0.000025708,0.444341697],\
[0.000780634,0.000206052,0.827635365,0.000403372,0.000432363,0.170542214],\
[0.001182882,0.000312227,0.428775003,0.000611223,0.000655153,0.568463512],\
[0.002355478,0.000621739,0.862517142,0.001217130,0.001304609,0.131983902],\
[0.004369032,0.001153226,0.922410819,0.002257580,0.002419838,0.067389505],\
[0.090293032,0.023833254,0.063159789,0.046656511,0.050009833,0.726047580],\
[0.003564210,0.000940789,0.805124631,0.001841710,0.001974079,0.186554581],\
[0.003386000,0.000893750,0.839868395,0.001749625,0.001875375,0.152226856],\
[0.067719831,0.017874955,0.297369257,0.034992413,0.037507406,0.544536139],\
[0.000020498,0.000005411,0.338341996,0.000010592,0.000011353,0.661610151],\
[0.022573315,0.005958328,0.682456098,0.011664157,0.012502490,0.264845613],\
[0.097295111,0.010001095,0.341764850,0.042084238,0.010136943,0.498717763],\
[0.000073409,0.000019377,0.056148910,0.000037932,0.000040659,0.943679713],\
[0.006771998,0.001787500,0.154736961,0.003499249,0.003750749,0.829453543],\
[0.055838373,0.004827398,0.038669111,0.069055012,0.010932970,0.820677135],\
[0.000037158,0.000009808,0.685074002,0.000019200,0.000020580,0.314839252],\
[0.001006989,0.000265799,0.729328895,0.000520335,0.000557732,0.268320250],\
[0.000381521,0.000100704,0.550971091,0.000197141,0.000211310,0.448138233],\
[0.000066408,0.000017529,0.431034439,0.000034315,0.000036781,0.568810528],\
[0.000373628,0.000098621,0.579571689,0.000193062,0.000206938,0.419556063],\
[0.000463043,0.000122222,0.436221326,0.000239265,0.000256462,0.562697683],\
[0.000921361,0.000243197,0.769351947,0.000476088,0.000510306,0.228497101],\
[0.000372088,0.000098214,0.895864658,0.000192266,0.000206085,0.103266688],\
[0.022573315,0.005958328,0.682456098,0.011664157,0.012502490,0.264845613],\
[0.000927671,0.000244863,0.692429702,0.000479349,0.000513801,0.305404613],\
[0.000319434,0.000084316,0.830412113,0.000165059,0.000176922,0.168842156],\
[0.016929989,0.004468747,0.324342297,0.008748120,0.009376869,0.636133977],\
[0.000028996,0.000007654,0.717318505,0.000014983,0.000016060,0.282613803],\
[0.005528162,0.001459183,0.718152506,0.002856530,0.003061836,0.268941782],\
[0.036175006,0.002539864,0.696976338,0.019772826,0.004772555,0.239763411],\
[0.000045935,0.000012125,0.317312104,0.000023736,0.000025442,0.682580658],\
[0.000698144,0.000184278,0.376777001,0.000360747,0.000386675,0.621593154],\
[0.018494744,0.000966037,0.273745859,0.062320532,0.007354967,0.637117861]]

