-1.046920e-02 3.117097e-04 1.847063e-04 2.940563e-04 2.805419e-04 4.516591e-04 9.181482e-04 1.077883e-03 1.185909e-04 1.698354e-04 4.720531e-04 5.414821e-04 1.810179e-04 1.157155e-04 5.251106e-04 2.286360e-03 9.411451e-04 3.246488e-05 1.099264e-04 1.456795e-03
4.835554e-04 -9.644683e-03 3.608578e-04 1.869161e-04 5.184937e-05 1.067078e-03 6.388004e-04 2.337110e-04 4.223273e-04 1.215645e-04 4.011495e-04 4.033311e-03 1.249433e-04 7.597576e-05 1.370165e-04 5.133128e-04 4.008600e-04 6.030042e-05 1.348002e-04 1.963535e-04
4.423631e-04 5.459034e-04 -1.182280e-02 2.609281e-03 4.721639e-05 7.086808e-04 6.234542e-04 1.052829e-03 7.979029e-04 9.742294e-05 1.411597e-04 1.109711e-03 9.448837e-05 8.102408e-05 1.504907e-04 2.021032e-03 1.007409e-03 2.358470e-05 1.834412e-04 8.540679e-05
4.552605e-04 1.838792e-04 1.836138e-03 -9.415171e-03 8.312311e-06 3.507899e-04 3.855895e-03 5.689903e-04 2.048573e-04 1.423191e-05 4.896291e-05 3.564347e-04 1.418812e-05 2.266579e-05 2.697340e-04 7.556687e-04 3.552885e-04 1.293323e-05 4.716873e-05 5.377187e-05
1.958537e-03 2.148724e-04 1.442735e-04 3.446169e-05 -7.636984e-03 8.584593e-05 0.000000e+00 2.483621e-04 1.150307e-04 3.310979e-04 5.966202e-04 0.000000e+00 1.860028e-04 2.010540e-04 7.716122e-05 1.129663e-03 6.475699e-04 5.250031e-05 2.266515e-04 1.387280e-03
1.087796e-03 1.639320e-03 7.351106e-04 5.745898e-04 3.610864e-05 -1.430397e-02 3.141841e-03 3.680525e-04 8.143685e-04 1.312076e-04 6.089611e-04 2.372967e-03 3.906066e-04 6.186319e-05 3.199307e-04 8.390529e-04 6.894117e-04 5.481659e-05 1.587852e-04 2.791765e-04
1.146187e-03 5.394873e-04 3.462717e-04 3.060206e-03 0.000000e+00 1.699239e-03 -1.075049e-02 2.828337e-04 2.123284e-04 7.290286e-05 1.790757e-04 1.393111e-03 5.922014e-05 3.586856e-05 2.977381e-04 6.105489e-04 4.726910e-04 2.168046e-05 6.861895e-05 2.524826e-04
1.231059e-03 1.764725e-04 5.322217e-04 4.271365e-04 4.019412e-05 1.714768e-04 2.573301e-04 -4.469934e-03 7.771734e-05 1.792353e-05 6.091266e-05 2.454958e-04 4.008562e-05 4.691981e-05 1.276815e-04 7.560797e-04 1.422591e-04 2.792900e-05 3.190124e-05 5.913825e-05
4.255308e-04 1.007941e-03 1.320624e-03 4.899297e-04 6.037565e-05 1.328183e-03 5.961862e-04 2.512352e-04 -9.695888e-03 9.395104e-05 3.151519e-04 6.086653e-04 1.150611e-04 3.402192e-04 2.006031e-04 5.475273e-04 3.131325e-04 9.247734e-05 1.411888e-03 1.772066e-04
2.667113e-04 1.148392e-04 6.445373e-05 1.405559e-05 6.945669e-05 7.609848e-05 8.326168e-05 2.444917e-05 3.862776e-05 -1.284850e-02 3.590495e-03 1.156788e-04 7.595576e-04 4.268271e-04 6.235780e-05 6.668265e-05 5.556294e-04 3.596753e-05 1.144679e-04 6.368880e-03
4.335020e-04 2.409169e-04 5.439787e-05 2.910508e-05 7.609743e-05 2.425061e-04 1.262296e-04 4.848119e-05 7.570701e-05 2.312806e-03 -7.999435e-03 1.796256e-04 1.326477e-03 7.926013e-04 1.001579e-04 9.539925e-05 2.261290e-04 7.667029e-05 1.853909e-04 1.377236e-03
8.836901e-04 3.979724e-03 7.665057e-04 4.070535e-04 0.000000e+00 1.592333e-03 1.732303e-03 3.552424e-04 2.710232e-04 1.286175e-04 3.221000e-04 -1.272782e-02 1.428887e-04 2.649660e-05 3.520989e-04 6.356730e-04 7.503029e-04 1.910144e-05 9.959132e-05 2.630751e-04
7.442765e-04 3.288283e-04 1.628044e-04 4.724488e-05 1.069133e-04 6.358987e-04 1.825877e-04 1.405247e-04 1.387146e-04 2.108758e-03 5.608361e-03 3.584486e-04 -1.415346e-02 7.547177e-04 7.330487e-05 2.689029e-04 8.127628e-04 8.214350e-05 1.904998e-04 1.407762e-03
2.497251e-04 1.082257e-04 6.999985e-05 3.516113e-05 6.488544e-05 5.668975e-05 5.924505e-05 9.005134e-05 2.077538e-04 6.483299e-04 1.923687e-03 2.975105e-05 4.153546e-04 -7.596748e-03 6.152684e-05 1.686875e-04 1.401345e-04 3.577156e-04 2.370266e-03 5.395585e-04
1.016934e-03 1.786410e-04 1.222248e-04 3.524869e-04 2.087246e-05 2.781518e-04 4.579955e-04 2.199278e-04 1.080172e-04 8.228881e-05 2.151562e-04 4.193043e-04 3.637277e-05 5.524635e-05 -4.977185e-03 7.518210e-04 3.291021e-04 1.907078e-05 5.461432e-05 2.589578e-04
3.608107e-03 5.419193e-04 1.476598e-03 7.982061e-04 2.796422e-04 5.645748e-04 7.640062e-04 1.054317e-03 2.383084e-04 7.442884e-05 1.684464e-04 6.302367e-04 1.066295e-04 1.202028e-04 6.198237e-04 -1.468246e-02 3.348837e-03 3.315931e-05 1.321528e-04 1.228685e-04
1.470276e-03 4.308038e-04 7.330236e-04 3.823098e-04 1.523227e-04 4.717541e-04 6.063901e-04 2.095817e-04 1.403910e-04 6.255082e-04 4.146615e-04 7.841646e-04 3.309561e-04 1.096999e-04 2.751311e-04 3.342155e-03 -1.206067e-02 2.689110e-05 1.086941e-04 1.445952e-03
2.320065e-04 2.599955e-04 6.516463e-05 5.580615e-05 4.610632e-05 1.389284e-04 1.139541e-04 1.542633e-04 1.686944e-04 1.524120e-04 5.519061e-04 8.024458e-05 1.424170e-04 1.099238e-03 6.103816e-05 1.379785e-04 1.099102e-04 -4.978498e-03 1.243431e-03 1.650041e-04
3.069534e-04 2.398608e-04 2.198188e-04 8.547313e-05 9.451903e-05 1.706130e-04 1.436093e-04 7.367750e-05 1.059002e-03 2.110135e-04 5.543595e-04 1.602360e-04 1.283493e-04 2.948865e-03 7.519033e-05 2.263951e-04 1.763186e-04 5.044657e-04 -7.730063e-03 3.513424e-04
1.689978e-03 1.486838e-04 3.895961e-05 4.492259e-05 2.349835e-04 1.314000e-04 2.346934e-04 6.262980e-05 5.158020e-05 5.288270e-03 1.744469e-03 1.870282e-04 4.201698e-04 2.825518e-04 1.542876e-04 9.323977e-05 1.045666e-03 2.878860e-05 1.537442e-04 -1.203605e-02
