-1.036440e-02 3.184537e-04 2.039734e-04 2.868414e-04 3.160927e-04 4.516809e-04 8.583816e-04 1.032108e-03 1.565991e-04 2.102434e-04 5.171846e-04 5.581405e-04 2.193562e-04 1.677394e-04 4.981272e-04 2.097659e-03 8.394735e-04 8.059699e-05 1.578696e-04 1.393876e-03
4.703003e-04 -9.648793e-03 3.915219e-04 2.129528e-04 8.963465e-05 1.030978e-03 6.692585e-04 2.351335e-04 4.259242e-04 1.559244e-04 4.287470e-04 3.630082e-03 1.587261e-04 1.219067e-04 1.626882e-04 5.215662e-04 4.245114e-04 1.048162e-04 1.817733e-04 2.323480e-04
4.175613e-04 5.656020e-04 -1.152561e-02 2.380722e-03 9.705593e-05 7.177157e-04 5.869530e-04 1.018960e-03 7.521659e-04 1.374614e-04 1.760172e-04 1.004673e-03 1.408894e-04 1.312697e-04 1.905574e-04 1.883545e-03 9.250326e-04 6.726555e-05 2.209224e-04 1.112379e-04
4.184300e-04 2.064367e-04 1.657064e-03 -9.111241e-03 5.659384e-05 3.525881e-04 3.320164e-03 5.547084e-04 2.297125e-04 6.108609e-05 8.792512e-05 3.844507e-04 6.108727e-05 6.713993e-05 2.915991e-04 7.517353e-04 3.577516e-04 6.175708e-05 9.571558e-05 9.529507e-05
1.896434e-03 2.157153e-04 1.859649e-04 7.469300e-05 -7.833089e-03 1.254126e-04 -2.270848e-05 2.624893e-04 1.449504e-04 3.119957e-04 6.195008e-04 3.179229e-05 2.185598e-04 2.269633e-04 1.317448e-04 1.045654e-03 6.459764e-04 1.105939e-04 2.447927e-04 1.362565e-03
1.027356e-03 1.569191e-03 7.465177e-04 5.528935e-04 8.785953e-05 -1.414336e-02 3.010585e-03 3.769550e-04 7.816812e-04 1.495253e-04 5.785695e-04 2.256051e-03 4.512504e-04 8.792630e-05 3.154973e-04 8.490406e-04 6.791030e-04 1.156295e-04 2.217595e-04 2.859725e-04
1.067054e-03 5.713045e-04 3.498207e-04 2.688454e-03 3.507582e-05 1.638726e-03 -1.059142e-02 2.653822e-04 2.595106e-04 9.802440e-05 2.080252e-04 1.341875e-03 1.052537e-04 8.170334e-05 3.263202e-04 6.299579e-04 4.831986e-04 6.842605e-05 1.144900e-04 2.588185e-04
1.158711e-03 1.850513e-04 5.272796e-04 4.254856e-04 8.402566e-05 1.960288e-04 2.411026e-04 -4.871352e-03 1.187991e-04 6.400953e-05 1.045819e-04 2.706786e-04 8.680129e-05 1.006781e-04 1.685552e-04 7.070973e-04 1.735710e-04 8.038544e-05 8.156972e-05 9.693973e-05
4.224501e-04 9.325203e-04 1.198326e-03 4.828183e-04 9.880427e-05 1.213891e-03 6.198266e-04 2.781806e-04 -9.538385e-03 1.152740e-04 3.389425e-04 5.844673e-04 1.647925e-04 3.537037e-04 2.285187e-04 5.569078e-04 3.149438e-04 1.276817e-04 1.289110e-03 2.172261e-04
2.931123e-04 1.466190e-04 1.087272e-04 5.971742e-05 1.084935e-04 1.081704e-04 1.054366e-04 7.092376e-05 7.719490e-05 -1.271872e-02 3.445826e-03 1.442079e-04 7.202684e-04 4.598689e-04 1.150929e-04 1.034476e-04 5.197771e-04 8.198876e-05 1.479208e-04 5.901923e-03
4.700258e-04 2.746011e-04 9.737239e-05 7.105907e-05 1.234689e-04 2.572213e-04 1.593202e-04 9.418106e-05 1.175327e-04 2.221275e-03 -8.354266e-03 2.102958e-04 1.275099e-03 8.164694e-04 1.315320e-04 1.237346e-04 2.579950e-04 1.268535e-04 2.194959e-04 1.306734e-03
8.797996e-04 3.639426e-03 7.136236e-04 4.318432e-04 4.534521e-05 1.522863e-03 1.666290e-03 3.770218e-04 2.925789e-04 1.548853e-04 3.406797e-04 -1.257781e-02 1.746293e-04 6.830131e-05 4.005009e-04 6.355315e-04 7.360017e-04 6.681713e-05 1.501322e-04 2.815419e-04
7.416622e-04 3.316068e-04 2.083772e-04 9.417753e-05 1.472691e-04 6.806342e-04 2.166838e-04 1.833947e-04 1.939205e-04 1.911176e-03 5.264267e-03 3.598501e-04 -1.398867e-02 8.196013e-04 1.100050e-04 3.002157e-04 7.688927e-04 1.222090e-04 2.412732e-04 1.293457e-03
2.865459e-04 1.447093e-04 1.142503e-04 7.761561e-05 1.072280e-04 8.678549e-05 9.974873e-05 1.458955e-04 2.319323e-04 6.546965e-04 1.880372e-03 6.981460e-05 4.644177e-04 -8.002309e-03 1.124400e-04 2.092341e-04 1.802523e-04 4.004306e-04 2.184778e-03 5.511616e-04
9.212691e-04 1.960722e-04 1.615296e-04 3.646185e-04 7.376444e-05 2.744817e-04 4.674973e-04 2.551920e-04 1.458964e-04 1.337666e-04 2.272018e-04 4.569071e-04 7.904050e-05 1.075657e-04 -5.379640e-03 7.162021e-04 3.511487e-04 6.589955e-05 9.994875e-05 2.816381e-04
3.293533e-03 5.367938e-04 1.360378e-03 7.904216e-04 2.920513e-04 5.718355e-04 7.594010e-04 9.702622e-04 2.699226e-04 1.097798e-04 1.778439e-04 6.156373e-04 1.477460e-04 1.639078e-04 5.938538e-04 -1.411267e-02 3.086414e-03 8.030924e-05 1.620510e-04 1.305311e-04
1.294560e-03 4.448301e-04 6.788029e-04 3.818946e-04 1.914579e-04 4.763488e-04 5.997352e-04 2.370765e-04 1.678795e-04 5.758832e-04 4.332742e-04 7.571220e-04 3.437254e-04 1.574406e-04 3.035654e-04 3.105539e-03 -1.176046e-02 7.752523e-05 1.616415e-04 1.372163e-03
2.605660e-04 2.834387e-04 9.961671e-05 9.869460e-05 9.837573e-05 1.960319e-04 1.482480e-04 2.077819e-04 1.898781e-04 1.801704e-04 5.710895e-04 1.195636e-04 1.762157e-04 1.106958e-03 1.013671e-04 1.774026e-04 1.555348e-04 -5.559014e-03 1.196401e-03 1.916806e-04
3.416134e-04 2.778581e-04 2.508876e-04 1.270862e-04 1.304993e-04 2.281100e-04 1.811712e-04 1.233366e-04 9.781877e-04 2.281697e-04 5.513595e-04 2.056021e-04 1.764349e-04 2.714032e-03 1.181886e-04 2.440044e-04 2.283278e-04 5.238151e-04 -8.030871e-03 4.021863e-04
1.611791e-03 1.862007e-04 7.596991e-05 8.805364e-05 2.703584e-04 1.559517e-04 2.424571e-04 1.014906e-04 9.525520e-05 4.874439e-03 1.647128e-03 2.129618e-04 4.179117e-04 3.179880e-04 1.887377e-04 1.164140e-04 1.000249e-03 7.503789e-05 2.095187e-04 -1.188791e-02
