-0.0112027292237167 0.000350722484654589 0.000262067249494636 0.000420709381666875 0.000229934928897898 0.000557566011729067 0.00100832375315134 0.00103541392313868 0.000130530901449696 0.000198173624343108 0.000458831848108308 0.000580399072126163 0.000199927130131798 0.000123188295081128 0.000656397544962301 0.00240287097756085 0.00105964307197485 3.08766714739758e-05 0.000123886664936434 0.00137326568883502
0.000559222859390191 -0.00960512219161957 0.000407433069965588 0.000174573307359567 6.78297166472632e-05 0.00112195034082107 0.000563397249327443 0.000260848671835899 0.000506758260059365 0.000170836220420818 0.000422561581115904 0.00353559235487797 0.000139131266199191 6.33561323978052e-05 0.000184000146021567 0.000557636140064777 0.000430315536404168 6.90000091201682e-05 0.000141924642240591 0.000228754687350229
0.000488353987815495 0.000476164438253886 -0.0121576927536687 0.00250098450361271 6.77017836782088e-05 0.000762267837084132 0.000619715421023594 0.00092847882606151 0.000744525828067364 8.0123029235963e-05 0.000173005801746989 0.00129610875862938 0.000106145515437992 7.9397951860591e-05 0.0001672959860012 0.00224398474182448 0.00104813615756456 2.17793759205334e-05 0.000213454654692534 0.000140068155157564
0.000585038435658191 0.000152250502852057 0.00186634193939041 -0.00973821965646468 1.02112557329725e-05 0.000427809656700579 0.00372432404238896 0.000601322995359044 0.000218248460021444 3.49029642839504e-05 7.25263759120685e-05 0.000453152011905523 1.94013775565784e-05 2.29010299182335e-05 0.000283483629761964 0.000773093987926755 0.000331065409699677 1.68370708530039e-05 6.60399096994777e-05 7.92686008437954e-05
0.00119227984266397 0.000220582954233582 0.000188387193211255 3.80759022399722e-05 -0.00536827358131391 5.62551908736605e-05 0 0.000194297511576659 9.90955756641736e-05 0.000268651309810883 0.000350265132361236 6.3963162188633e-05 0.000114860281426652 0.000193775537729565 3.9384471253822e-05 0.000944519658659302 0.000431008913474172 2.46488636115845e-05 0.000209718496889383 0.000738503583445403
0.00118457974733897 0.00149492821740191 0.000869067719886348 0.000653606544705294 2.30492798668591e-05 -0.0149374096022774 0.00312004265420537 0.000322640880243821 0.000876975024742619 0.000220161655036689 0.000685903395201867 0.00250617172355235 0.000311457738473893 9.02423643061689e-05 0.000370560069523511 0.000942005187892866 0.00077448695621721 3.27055849912019e-05 0.000112338456930406 0.000346486401760057
0.00118624159407407 0.000415687117586598 0.000391240193838156 0.00315078238026388 0 0.00172768940527657 -0.0110901484453419 0.000311443762732541 0.000183166368004609 9.90312050334673e-05 0.000195689711602971 0.00132391956170209 8.91500536745051e-05 4.00819771309244e-05 0.000335921952234066 0.000610476640525023 0.000575494049444242 2.38842646684847e-05 8.4164586192629e-05 0.000346083621357047
0.00112120687288872 0.000177149150408682 0.000539537663609937 0.00046824954106014 4.05756734352128e-05 0.000164445931531808 0.000286667354403157 -0.00451848515619021 7.08560374444773e-05 2.30265417200822e-05 5.05176234923924e-05 0.000269738954737294 4.34091647060731e-05 3.22297605622293e-05 0.000139397051159883 0.000839683475982567 0.000135647586699084 1.54259639630559e-05 4.04414257266334e-05 6.02793826587828e-05
0.000462952737297057 0.00112720485006868 0.00141703670409759 0.000556637299659518 6.77804318143046e-05 0.00146400490950588 0.000552199365115815 0.000232075037621791 -0.0105642158227598 8.69998522866237e-05 0.000441385626483129 0.000711911058472298 0.000120953300680215 0.000361881775689725 0.000285219543140192 0.000680814085519979 0.000397530412643665 8.94925928032166e-05 0.00128612857426937 0.000222007665590734
0.000283268360774915 0.00015314783621933 6.1459297220052e-05 3.58766866665174e-05 7.40573089598212e-05 0.00014812415550186 0.000120323686918767 3.03954924649241e-05 3.50628661209072e-05 -0.0122797585445042 0.00318458948367888 0.000185308433043453 0.000764897688743474 0.000367932735280549 9.57757953772167e-05 0.000104627471253675 0.000574355566022794 3.62734357769551e-05 0.000147058254478296 0.00587722399000183
0.00041083827128418 0.000237293608255577 8.31296625436872e-05 4.66993797215393e-05 6.04840679067957e-05 0.000289076161504088 0.000148940285221472 4.17723106465035e-05 0.000111432585003917 0.00199488827294467 -0.00750402001680715 0.000240388465827702 0.00107699138783118 0.000748816502099967 0.000127795861061249 0.000122237627123304 0.000271245915880278 6.62512578587173e-05 0.000187949610783806 0.00123778878330852
0.000771838350268266 0.00294876744772976 0.000924951799533385 0.000433352547710725 1.640424766765e-05 0.00156870925390577 0.00149653918675893 0.000331261957316845 0.000266932875055267 0.000172402123401074 0.000357022783749717 -0.0118374692140384 0.000157482868345565 3.63896152266957e-05 0.000369495098798839 0.000731846367899391 0.000842232421207232 2.48770888906194e-05 0.000103746006291445 0.000283217174281193
0.000780599120868726 0.000340690290732695 0.000222400617318727 5.44736769230993e-05 8.6487421481177e-05 0.000572383940945993 0.00029587262508862 0.00015651861790251 0.000133152931143164 0.00208933200669082 0.00469625011232849 0.000462370372836109 -0.0132587527414124 0.000610064544859473 0.000109371657613112 0.000333379475510377 0.000828972896534287 7.61544084602897e-05 0.000197213758281696 0.001213064265893
0.000254932870511323 8.2228760256245e-05 8.81746416220456e-05 3.40807546789334e-05 7.73360683767011e-05 8.79020179728986e-05 7.05070229120101e-05 6.15944696142149e-05 0.000211154229574355 0.00053268761961891 0.00173067077555573 5.66283895445855e-05 0.0003233522232633 -0.00716899281353626 5.72550427500544e-05 0.000182666007177864 0.000126741423273956 0.000301719219422264 0.00241732602791282 0.000472035249498046
0.00115848812298777 0.000203667390360367 0.000158448514060045 0.000359791103254444 1.34052958874008e-05 0.000307833050199814 0.000503952812475619 0.000227199030411207 0.000141932090185431 0.000118257362236921 0.00025189763394554 0.000490381045936792 4.94393902649703e-05 4.88294676426338e-05 -0.00552328894819911 0.000807100299498428 0.000339628519602287 1.88957173145469e-05 4.7406868716327e-05 0.000276735233218563
0.00319232801062438 0.000464629373857877 0.00159983416991806 0.000738596338162189 0.000241999687698496 0.00058906380724509 0.000689402664058548 0.00103019849911695 0.000255024714482328 9.72457361724777e-05 0.000181369656095355 0.000731134595914258 0.000113438268717612 0.000117267698297869 0.000607547065419288 -0.0141347053171292 0.00309548159013496 3.30627998117963e-05 0.000174271263604409 0.000182809377797277
0.00152954120866505 0.00038955366890096 0.000811890191003265 0.000343647496193502 0.000119981580408867 0.000526196161620848 0.000706104967229814 0.000180818099450872 0.000161788861769761 0.000580002941427944 0.000437267751202361 0.000914184577545701 0.000306468317905629 8.84023413522744e-05 0.000277767284814873 0.00336320041522249 -0.0121873466934612 2.14368437618822e-05 9.98552185846974e-05 0.00132923876640043
0.000182067993667331 0.000255170797555459 6.89170331111407e-05 7.13949455244036e-05 2.80302375705925e-05 9.07730733568372e-05 0.000119713148935022 8.4000852051677e-05 0.000148787655755069 0.000149637211212162 0.00043629468245999 0.000110306992406789 0.000115011654919323 0.000859705516564243 6.31308846333614e-05 0.000146745806832222 8.75714202110544e-05 -0.00409541486921594 0.000897871206697803 0.000180283755751457
0.000287634193545701 0.000206658109834728 0.000265949754139722 0.00011026056654431 9.39029930329183e-05 0.000122765516194365 0.000166100979641588 8.67102939527519e-05 0.000841932005925648 0.000238865342105386 0.000487348960523448 0.000181128877115001 0.000117272675898101 0.00271203186578703 6.23638020318346e-05 0.000304554257347331 0.000160614643784075 0.000353530482906854 -0.00709275479588524 0.000293129475574452
0.00155048608480532 0.000161980225359044 8.48654120808129e-05 6.43594455136916e-05 0.000160802448727175 0.000184132939926423 0.00033214001440549 6.28507332632123e-05 7.06737205340743e-05 0.00464230135259463 0.00156078293691214 0.000240454685952 0.000350784816784996 0.000257532084553765 0.000177032548715039 0.000155358391979799 0.00103971599010924 3.45196807868949e-05 0.000142546593525292 -0.011273320106529
