-1.057891e-02 3.136305e-04 1.916977e-04 3.185218e-04 2.703348e-04 4.607160e-04 9.328815e-04 1.090721e-03 1.157450e-04 1.565317e-04 4.303722e-04 5.276174e-04 1.700915e-04 9.974370e-05 5.465206e-04 2.361711e-03 1.016430e-03 3.113782e-05 9.812335e-05 1.446383e-03
4.847254e-04 -9.706878e-03 3.461883e-04 1.757227e-04 6.052617e-05 1.054531e-03 5.845198e-04 2.424019e-04 4.265559e-04 1.194639e-04 3.790064e-04 4.227138e-03 1.281290e-04 7.483316e-05 1.384430e-04 5.140633e-04 3.816982e-04 5.611530e-05 1.202556e-04 1.925605e-04
4.533716e-04 5.205859e-04 -1.200940e-02 2.660527e-03 5.354118e-05 6.852002e-04 6.335761e-04 1.053149e-03 8.159228e-04 1.081132e-04 1.409567e-04 1.166142e-03 9.355858e-05 7.297412e-05 1.444631e-04 2.065683e-03 1.059450e-03 2.085613e-05 1.752453e-04 8.608043e-05
4.888383e-04 1.720542e-04 1.914370e-03 -9.766878e-03 4.285783e-06 3.451087e-04 4.153876e-03 5.788154e-04 2.059443e-04 1.356673e-05 5.267501e-05 3.309347e-04 1.332956e-05 2.432414e-05 2.599924e-04 7.221875e-04 3.595980e-04 1.189361e-05 4.863212e-05 6.645232e-05
1.882000e-03 2.483739e-04 1.467663e-04 2.388302e-05 -7.447287e-03 7.148417e-05 0.000000e+00 2.386863e-04 1.127532e-04 3.058348e-04 5.567987e-04 8.476584e-06 1.674057e-04 1.918968e-04 6.174609e-05 1.181447e-03 6.204939e-04 5.197601e-05 2.347413e-04 1.342523e-03
1.090277e-03 1.593303e-03 7.094791e-04 5.629787e-04 3.033416e-05 -1.411972e-02 3.065515e-03 3.542006e-04 8.260003e-04 1.293697e-04 6.333135e-04 2.380172e-03 3.610209e-04 6.917139e-05 3.461295e-04 8.128554e-04 6.891161e-04 4.633150e-05 1.338582e-04 2.862938e-04
1.151945e-03 4.910931e-04 3.527381e-04 3.243263e-03 0.000000e+00 1.674363e-03 -1.083239e-02 3.197346e-04 1.941663e-04 7.662138e-05 1.793046e-04 1.379766e-03 5.529706e-05 3.566057e-05 2.866201e-04 5.680368e-04 4.676444e-04 1.975956e-05 6.289678e-05 2.734831e-04
1.244423e-03 1.840447e-04 5.419758e-04 4.315048e-04 3.945349e-05 1.705504e-04 2.958229e-04 -4.529753e-03 7.474066e-05 1.557422e-05 5.732361e-05 2.404527e-04 3.919056e-05 4.026957e-05 1.153370e-04 7.861826e-04 1.361360e-04 2.497716e-05 2.650824e-05 6.528510e-05
4.288906e-04 1.034946e-03 1.374448e-03 4.975252e-04 6.024579e-05 1.387250e-03 5.569984e-04 2.446224e-04 -9.839212e-03 1.073779e-04 3.118511e-04 6.146154e-04 1.052225e-04 3.358574e-04 2.083362e-04 5.421688e-04 3.146151e-04 9.545455e-05 1.460732e-03 1.580534e-04
2.423312e-04 1.121406e-04 7.041888e-05 1.496642e-05 6.148489e-05 7.382561e-05 8.709811e-05 2.139243e-05 4.191981e-05 -1.280468e-02 3.468331e-03 1.272016e-04 7.817106e-04 3.874384e-04 5.441971e-05 6.671440e-05 5.997413e-04 3.012424e-05 1.069057e-04 6.456519e-03
3.982224e-04 2.283727e-04 5.409874e-05 3.119987e-05 7.264310e-05 2.564416e-04 1.279048e-04 4.609179e-05 7.683771e-05 2.263725e-03 -7.847056e-03 1.801636e-04 1.344609e-03 7.514274e-04 1.083448e-04 1.024528e-04 2.090983e-04 6.759391e-05 1.710696e-04 1.356758e-03
8.387634e-04 4.075586e-03 7.948907e-04 3.644009e-04 2.804482e-06 1.586188e-03 1.684550e-03 3.361876e-04 2.631692e-04 1.387166e-04 3.128350e-04 -1.262837e-02 1.434694e-04 2.775369e-05 3.168048e-04 6.108903e-04 7.532309e-04 1.938902e-05 9.056152e-05 2.681785e-04
6.826254e-04 3.345785e-04 1.608834e-04 4.024004e-05 9.393159e-05 5.998412e-04 1.717652e-04 1.366566e-04 1.167971e-04 2.158426e-03 5.609681e-03 3.697154e-04 -1.402137e-02 6.708638e-04 7.214901e-05 2.511718e-04 8.440891e-04 7.435585e-05 1.794099e-04 1.454188e-03
2.216890e-04 1.056136e-04 6.551752e-05 3.536592e-05 6.342041e-05 6.379955e-05 5.868861e-05 7.806771e-05 2.055733e-04 6.014966e-04 1.829318e-03 3.392326e-05 3.802816e-04 -7.321656e-03 5.621172e-05 1.647341e-04 1.288062e-04 3.246546e-04 2.398871e-03 5.056234e-04
1.057296e-03 1.812079e-04 1.204068e-04 3.414240e-04 1.695350e-05 3.077700e-04 4.476040e-04 2.027426e-04 1.105779e-04 7.365814e-05 2.301700e-04 3.918013e-04 3.639518e-05 5.092767e-05 -4.997119e-03 7.741788e-04 3.341345e-04 1.506353e-05 5.220004e-05 2.526071e-04
3.704963e-03 5.455218e-04 1.537982e-03 7.595449e-04 2.988869e-04 5.608983e-04 7.247751e-04 1.092772e-03 2.364271e-04 7.509545e-05 1.799747e-04 6.272278e-04 1.023497e-04 1.193152e-04 6.413082e-04 -1.492782e-02 3.432088e-03 3.080227e-05 1.261676e-04 1.317196e-04
1.565354e-03 4.083772e-04 7.795582e-04 3.813618e-04 1.479670e-04 4.748615e-04 6.024140e-04 1.994797e-04 1.390681e-04 6.778147e-04 3.776664e-04 8.021169e-04 3.455117e-04 9.987811e-05 2.772825e-04 3.394558e-03 -1.223280e-02 2.414285e-05 8.989316e-05 1.445494e-03
2.266784e-04 2.526358e-04 6.213732e-05 5.378316e-05 4.888689e-05 1.239639e-04 1.084942e-04 1.424676e-04 1.762818e-04 1.392846e-04 5.101893e-04 8.434959e-05 1.338440e-04 1.020472e-03 5.225543e-05 1.321044e-04 1.015000e-04 -4.743431e-03 1.212749e-03 1.613537e-04
2.773705e-04 2.185865e-04 2.158936e-04 8.893976e-05 1.048255e-04 1.474401e-04 1.351585e-04 6.398550e-05 1.096602e-03 2.041967e-04 5.184381e-04 1.515034e-04 1.237356e-04 2.988970e-03 7.225346e-05 2.241449e-04 1.489391e-04 4.839852e-04 -7.575679e-03 3.107102e-04
1.664648e-03 1.444722e-04 4.094997e-05 4.736423e-05 2.290161e-04 1.384202e-04 2.537326e-04 6.688773e-05 4.796135e-05 5.394463e-03 1.697594e-03 1.931165e-04 4.392741e-04 2.598620e-04 1.466912e-04 9.291029e-05 1.054814e-03 2.682126e-05 1.305901e-04 -1.206959e-02
