-1.095696e-02 3.177281e-04 2.128420e-04 3.323125e-04 2.863866e-04 4.844393e-04 9.799185e-04 1.084887e-03 1.166111e-04 1.659240e-04 4.482533e-04 5.749627e-04 1.726529e-04 1.025225e-04 5.642327e-04 2.491629e-03 1.023836e-03 3.366436e-05 1.070555e-04 1.457108e-03
4.832930e-04 -1.008496e-02 3.772107e-04 1.819299e-04 6.082422e-05 1.091720e-03 6.252678e-04 2.437536e-04 4.277329e-04 1.216249e-04 3.928871e-04 4.400094e-03 1.294846e-04 7.543351e-05 1.456822e-04 5.493419e-04 3.969499e-04 5.861944e-05 1.297614e-04 1.933515e-04
4.135070e-04 4.817867e-04 -1.167861e-02 2.632901e-03 4.666935e-05 6.615786e-04 6.225514e-04 9.824510e-04 7.723152e-04 1.039469e-04 1.312930e-04 1.153311e-03 8.721976e-05 6.598624e-05 1.366453e-04 2.081941e-03 1.029241e-03 2.053375e-05 1.747311e-04 8.000294e-05
4.721664e-04 1.699408e-04 1.925561e-03 -9.757246e-03 5.168110e-06 3.589290e-04 4.116826e-03 5.546274e-04 1.999249e-04 1.559781e-05 5.184143e-05 3.583558e-04 1.435434e-05 2.417635e-05 2.635884e-04 7.431067e-04 3.604111e-04 1.227685e-05 5.085177e-05 5.954126e-05
1.787175e-03 2.495377e-04 1.499065e-04 2.269853e-05 -7.341861e-03 7.367065e-05 0.000000e+00 2.261519e-04 1.083320e-04 2.895446e-04 5.471037e-04 6.675507e-06 1.595859e-04 1.919320e-04 6.074945e-05 1.253205e-03 6.136605e-04 5.120003e-05 2.481488e-04 1.302582e-03
1.041461e-03 1.542979e-03 7.320818e-04 5.430801e-04 2.537955e-05 -1.411158e-02 3.131009e-03 3.374299e-04 8.180632e-04 1.227602e-04 6.368886e-04 2.444466e-03 3.460040e-04 6.871917e-05 3.542502e-04 8.334821e-04 6.829492e-04 4.322346e-05 1.336004e-04 2.737518e-04
1.101412e-03 4.620307e-04 3.601715e-04 3.256670e-03 0.000000e+00 1.636968e-03 -1.068315e-02 3.034459e-04 1.828929e-04 7.431240e-05 1.737488e-04 1.388980e-03 5.284537e-05 3.330296e-05 2.818468e-04 5.740339e-04 4.560976e-04 2.010408e-05 6.324236e-05 2.610430e-04
1.250789e-03 1.847548e-04 5.830219e-04 4.500414e-04 4.178164e-05 1.809587e-04 3.112584e-04 -4.727620e-03 7.627986e-05 1.755595e-05 5.971229e-05 2.647285e-04 3.990947e-05 4.171983e-05 1.220954e-04 8.373152e-04 1.451873e-04 2.596175e-05 2.915016e-05 6.539908e-05
4.273295e-04 1.030482e-03 1.456773e-03 5.156337e-04 6.361582e-05 1.394459e-03 5.962933e-04 2.424561e-04 -1.021501e-02 1.080561e-04 3.211879e-04 6.641521e-04 1.072928e-04 3.493625e-04 2.167934e-04 5.775298e-04 3.266804e-04 9.994236e-05 1.560449e-03 1.565202e-04
2.315549e-04 1.115867e-04 7.466731e-05 1.532004e-05 6.475090e-05 7.968904e-05 9.226699e-05 2.125051e-05 4.115012e-05 -1.303209e-02 3.575975e-03 1.361758e-04 7.765195e-04 3.933898e-04 5.656557e-05 7.187243e-05 6.116070e-04 3.115946e-05 1.132215e-04 6.533364e-03
3.841498e-04 2.213553e-04 5.791527e-05 3.126839e-05 7.513328e-05 2.538848e-04 1.324766e-04 4.438551e-05 7.511271e-05 2.195972e-03 -7.692035e-03 1.890827e-04 1.286653e-03 7.521371e-04 1.085250e-04 1.062938e-04 2.122785e-04 6.947259e-05 1.776351e-04 1.318304e-03
7.758189e-04 3.903262e-03 8.010163e-04 3.403194e-04 1.443413e-06 1.534266e-03 1.667466e-03 3.098288e-04 2.445487e-04 1.316666e-04 2.977113e-04 -1.216228e-02 1.357450e-04 2.518437e-05 3.034152e-04 6.007415e-04 7.350691e-04 1.927494e-05 8.775912e-05 2.477466e-04
6.732637e-04 3.319515e-04 1.750655e-04 3.939546e-05 9.972212e-05 6.276082e-04 1.833405e-04 1.349857e-04 1.141719e-04 2.169796e-03 5.854578e-03 3.922966e-04 -1.444302e-02 6.912387e-04 7.560978e-05 2.681443e-04 8.628810e-04 7.956416e-05 1.895585e-04 1.479852e-03
2.135339e-04 1.032897e-04 7.074170e-05 3.543970e-05 6.405909e-05 6.657663e-05 6.171218e-05 7.536864e-05 1.985644e-04 5.871189e-04 1.827964e-03 3.887390e-05 3.692024e-04 -7.381825e-03 5.729722e-05 1.710805e-04 1.309226e-04 3.350027e-04 2.482865e-03 4.922113e-04
1.027367e-03 1.743890e-04 1.280668e-04 3.377889e-04 1.772538e-05 3.000363e-04 4.565843e-04 1.928267e-04 1.077186e-04 7.380315e-05 2.305793e-04 4.094342e-04 3.530484e-05 5.009026e-05 -4.987320e-03 7.998607e-04 3.327170e-04 1.544780e-05 5.416796e-05 2.434111e-04
3.512675e-03 5.091461e-04 1.510767e-03 7.373223e-04 2.831147e-04 5.465716e-04 7.200000e-04 1.023868e-03 2.221807e-04 7.260595e-05 1.748580e-04 6.276558e-04 9.694197e-05 1.157997e-04 6.193005e-04 -1.434662e-02 3.294261e-03 2.992516e-05 1.258819e-04 1.237468e-04
1.545519e-03 3.939355e-04 7.997160e-04 3.829076e-04 1.484424e-04 4.795445e-04 6.125512e-04 1.900961e-04 1.345689e-04 6.615642e-04 3.739153e-04 8.223407e-04 3.340288e-04 9.488798e-05 2.758365e-04 3.527342e-03 -1.231846e-02 2.479527e-05 9.289879e-05 1.423571e-03
2.080095e-04 2.381220e-04 6.530637e-05 5.338894e-05 5.069541e-05 1.242306e-04 1.105191e-04 1.391385e-04 1.685154e-04 1.379615e-04 5.008979e-04 8.826431e-05 1.260721e-04 9.938328e-04 5.242179e-05 1.311580e-04 1.014933e-04 -4.669260e-03 1.225138e-03 1.540944e-04
2.585959e-04 2.060645e-04 2.172487e-04 8.645103e-05 9.605286e-05 1.501123e-04 1.359130e-04 6.107364e-05 1.028583e-03 1.959731e-04 5.006845e-04 1.571029e-04 1.174207e-04 2.879506e-03 7.186005e-05 2.156856e-04 1.486546e-04 4.789441e-04 -7.300189e-03 2.942632e-04
1.654420e-03 1.443267e-04 4.675569e-05 4.757992e-05 2.369981e-04 1.445797e-04 2.636978e-04 6.440597e-05 4.849553e-05 5.315526e-03 1.746597e-03 2.084688e-04 4.308847e-04 2.683230e-04 1.517844e-04 9.966288e-05 1.070752e-03 2.831575e-05 1.383176e-04 -1.210989e-02
