-1.034933e-02 3.270512e-04 2.173059e-04 2.967464e-04 3.247879e-04 4.547679e-04 8.446468e-04 1.011188e-03 1.718911e-04 2.233166e-04 5.175622e-04 5.568242e-04 2.320526e-04 1.825707e-04 4.992931e-04 2.032666e-03 8.265208e-04 9.903260e-05 1.731091e-04 1.357992e-03
4.726172e-04 -9.663319e-03 3.970972e-04 2.259140e-04 1.076964e-04 1.010104e-03 6.633462e-04 2.471773e-04 4.300765e-04 1.712443e-04 4.327826e-04 3.501705e-03 1.739302e-04 1.386337e-04 1.777284e-04 5.217627e-04 4.287222e-04 1.222500e-04 1.960241e-04 2.445070e-04
4.220595e-04 5.639770e-04 -1.146251e-02 2.304021e-03 1.148108e-04 7.097991e-04 5.844450e-04 9.985832e-04 7.428244e-04 1.535450e-04 1.905061e-04 9.848875e-04 1.568313e-04 1.476094e-04 2.044449e-04 1.827408e-03 9.085411e-04 8.625257e-05 2.335539e-04 1.284062e-04
4.228924e-04 2.196674e-04 1.610294e-03 -9.148001e-03 7.602226e-05 3.597737e-04 3.204606e-03 5.535341e-04 2.419805e-04 8.032870e-05 1.060576e-04 3.903184e-04 8.032983e-05 8.613215e-05 3.013074e-04 7.424116e-04 3.647236e-04 8.097194e-05 1.135259e-04 1.131227e-04
1.839764e-03 2.285622e-04 2.000423e-04 9.337281e-05 -7.922716e-03 1.419945e-04 0.000000e+00 2.734016e-04 1.607243e-04 3.208603e-04 6.156465e-04 5.224654e-05 2.312891e-04 2.393450e-04 1.480649e-04 1.024173e-03 6.410270e-04 1.277888e-04 2.564369e-04 1.327976e-03
1.006632e-03 1.526056e-03 7.374098e-04 5.517942e-04 1.059947e-04 -1.397199e-02 2.907832e-03 3.831328e-04 7.711189e-04 1.651100e-04 5.764083e-04 2.184506e-03 4.543552e-04 1.060588e-04 3.242170e-04 8.356922e-04 6.727834e-04 1.326161e-04 2.343564e-04 2.959134e-04
1.044688e-03 5.694437e-04 3.571208e-04 2.599024e-03 5.539425e-05 1.592715e-03 -1.056696e-02 2.761748e-04 2.705461e-04 1.157392e-04 2.211902e-04 1.308143e-03 1.226695e-04 1.000932e-04 3.345923e-04 6.256711e-04 4.849820e-04 8.736507e-05 1.315238e-04 2.698826e-04
1.132554e-03 1.991665e-04 5.272397e-04 4.296561e-04 1.023195e-04 2.096900e-04 2.528994e-04 -5.083480e-03 1.356546e-04 8.313123e-05 1.220255e-04 2.812522e-04 1.049803e-04 1.182831e-04 1.833528e-04 6.996199e-04 1.881611e-04 9.882980e-05 9.996510e-05 1.146994e-04
4.267462e-04 9.157191e-04 1.170530e-03 4.846174e-04 1.164868e-04 1.185452e-03 6.159589e-04 2.884439e-04 -9.557478e-03 1.322753e-04 3.466926e-04 5.820621e-04 1.797456e-04 3.608432e-04 2.408360e-04 5.556425e-04 3.236864e-04 1.441698e-04 1.257560e-03 2.300105e-04
3.027580e-04 1.623238e-04 1.259993e-04 7.901664e-05 1.257753e-04 1.254655e-04 1.228448e-04 8.975947e-05 9.577122e-05 -1.260627e-02 3.325070e-03 1.600125e-04 7.122462e-04 4.626173e-04 1.321017e-04 1.209381e-04 5.200476e-04 1.003668e-04 1.635718e-04 5.679580e-03
4.723540e-04 2.850124e-04 1.151141e-04 8.988918e-05 1.401312e-04 2.683515e-04 1.744997e-04 1.120548e-04 1.344406e-04 2.151169e-03 -8.422336e-03 2.233669e-04 1.244128e-03 8.044682e-04 1.478609e-04 1.403859e-04 2.690932e-04 1.433759e-04 2.321865e-04 1.274455e-03
8.651789e-04 3.510663e-03 7.058762e-04 4.357507e-04 6.523889e-05 1.481644e-03 1.619139e-03 3.831968e-04 3.022466e-04 1.702482e-04 3.483579e-04 -1.247119e-02 1.891756e-04 8.724549e-05 4.057048e-04 6.310142e-04 7.273287e-04 8.582270e-05 1.656918e-04 2.916662e-04
7.327551e-04 3.396603e-04 2.215276e-04 1.120514e-04 1.629471e-04 6.742514e-04 2.294906e-04 1.975785e-04 2.076689e-04 1.853896e-03 5.068298e-03 3.667354e-04 -1.382369e-02 8.074705e-04 1.272243e-04 3.095675e-04 7.588594e-04 1.389235e-04 2.530630e-04 1.261726e-03
2.964631e-04 1.604932e-04 1.312939e-04 9.617454e-05 1.245621e-04 1.049651e-04 1.173922e-04 1.616303e-04 2.441085e-04 6.493865e-04 1.824366e-03 8.869618e-05 4.669779e-04 -8.084936e-03 1.295585e-04 2.223491e-04 1.945660e-04 4.056374e-04 2.116181e-03 5.501340e-04
9.049332e-04 2.097315e-04 1.766177e-04 3.713065e-04 9.248266e-05 2.848979e-04 4.699301e-04 2.664061e-04 1.616311e-04 1.500031e-04 2.395736e-04 4.597780e-04 9.754049e-05 1.248858e-04 -5.570745e-03 7.083482e-04 3.583939e-04 8.494307e-05 1.175839e-04 2.917583e-04
3.179077e-03 5.363605e-04 1.325880e-03 7.794977e-04 3.017409e-04 5.699527e-04 7.497603e-04 9.518999e-04 2.805274e-04 1.270084e-04 1.922572e-04 6.119428e-04 1.634042e-04 1.788975e-04 5.910603e-04 -1.394257e-02 2.980524e-03 9.875676e-05 1.771175e-04 1.469013e-04
1.262785e-03 4.482005e-04 6.724958e-04 3.878681e-04 2.053081e-04 4.784155e-04 5.966985e-04 2.490399e-04 1.827050e-04 5.738330e-04 4.371226e-04 7.475755e-04 3.512776e-04 1.726978e-04 3.127787e-04 2.998858e-03 -1.168765e-02 9.608789e-05 1.767250e-04 1.337177e-03
2.715578e-04 2.934844e-04 1.172656e-04 1.163817e-04 1.160760e-04 2.096930e-04 1.638854e-04 2.209569e-04 2.037937e-04 1.944875e-04 5.692376e-04 1.363875e-04 1.906964e-04 1.082941e-03 1.189437e-04 1.918341e-04 1.708708e-04 -5.742700e-03 1.168685e-03 2.055216e-04
3.492530e-04 2.881347e-04 2.622797e-04 1.435990e-04 1.468708e-04 2.404442e-04 1.954469e-04 1.400044e-04 9.594976e-04 2.405014e-04 5.503236e-04 2.188673e-04 1.909065e-04 2.623545e-03 1.350694e-04 2.556812e-04 2.406531e-04 5.239185e-04 -8.112317e-03 4.073205e-04
1.566894e-03 2.002684e-04 9.459691e-05 1.061808e-04 2.809451e-04 1.712705e-04 2.541979e-04 1.190620e-04 1.130845e-04 4.694594e-03 1.600770e-03 2.259226e-04 4.223955e-04 3.266048e-04 2.027004e-04 1.333682e-04 9.806461e-04 9.370343e-05 2.226219e-04 -1.180983e-02
