-0.010958413681021 0.000297968687844632 0.000190712737598515 0.000343948013176937 0.00031108525777079 0.000483656290802681 0.000995969803222767 0.00103282789110943 0.000125137327621093 0.000173123675163582 0.000422556935955629 0.000585642521352483 0.000174005864636436 0.00012472057130554 0.000558259087698641 0.00245284708108366 0.00104940578035795 7.67700493658694e-05 0.000143653581816844 0.00141612252313748
0.000449351382905434 -0.00936484336978167 0.000385377048463604 0.000184152999372585 6.28813273759331e-05 0.00106454076885548 0.000544080011504342 0.00022152735980729 0.000476240462419292 0.000114047924356298 0.000378034873788314 0.00379286134425586 0.000102042976856192 7.61767738527947e-05 0.000137337075109915 0.000531057154794021 0.00037132345169656 0.000140422358022351 0.000163871805483735 0.000169516270861669
0.000413401956293894 0.000553940628275383 -0.012527785190279 0.0027014273845009 5.32827317712021e-05 0.000792165297728799 0.00063785620960261 0.000948280008641076 0.000937414918121969 0.000101935262048986 0.000130258458394912 0.00123098635434221 8.17208748806384e-05 8.71577416788664e-05 0.000138873483298971 0.00231172985090159 0.00102574634640109 6.12798267526913e-05 0.000229000846660107 9.13270099830544e-05
0.000513377064213397 0.000182266561111742 0.00186013355843477 -0.00977296881596928 4.81316748716618e-06 0.000384028561486705 0.00409209938554924 0.000549061219928037 0.000248502994065296 1.35098840686664e-05 4.40287779652564e-05 0.000353817434611843 1.17597819681768e-05 3.17747208814079e-05 0.000268268516161292 0.000761811179631494 0.000336914766825955 2.69024754000195e-05 6.20250968207436e-05 2.7873669358072e-05
0.00192113141613193 0.000257503946933827 0.000151799834861398 1.99142961301731e-05 -0.00786704104311168 6.42903980437511e-05 0 0.000259992137872883 0.000136447993391566 0.000280402571527635 0.000583163844906998 0 0.000203982163445881 0.000299399773077417 3.40657996398776e-05 0.0013536367171235 0.000667320523878843 0.000102784412362151 0.000356535820289382 0.00117466939349447
0.00112855736344907 0.00164715186380642 0.000852726547919298 0.000600352973916878 2.4291552331928e-05 -0.0151494391672693 0.00328087064683081 0.000306900704445985 0.00100630908702195 0.000138046451035275 0.000702905928630421 0.00251941428467849 0.000369235247354834 6.47136747360467e-05 0.000386424823282503 0.000863417304698491 0.000713199935573536 0.00010384781101706 0.000163336730117803 0.000277736236422475
0.00123548391432304 0.000447546578208876 0.000365023550233147 0.00340089669472435 0 0.0017441877594031 -0.0112011835546626 0.000302971385169936 0.000205118315491999 6.89530099691853e-05 0.000187250850858986 0.0013374704213428 6.68311579860445e-05 3.58869024173474e-05 0.000310683046417488 0.000576469674847731 0.000492389754574073 5.43799647560264e-05 9.28011151533816e-05 0.000276839458785069
0.00131607446825248 0.000187182146830712 0.000557437619527882 0.000468737414534592 5.36457199620608e-05 0.000167595978730203 0.000311216916128711 -0.00487298505581476 9.58539752200691e-05 1.19363401901316e-05 5.37354475907067e-05 0.000257110465546214 3.57671100211636e-05 4.93976699064749e-05 0.000132998363578895 0.000907261883650266 0.000117272378651959 5.78023673321782e-05 3.69844282550308e-05 5.49743619050394e-05
0.000399723443380607 0.00100875007708781 0.00138137558966253 0.000531815159040639 7.0576847180299e-05 0.0013775816222321 0.000528185240206684 0.000240287050063668 -0.0101681105897008 7.49111482454208e-05 0.000334879792277231 0.000620625702566485 7.87791406772665e-05 0.000391275929986471 0.000184879224922385 0.000552739686451757 0.000324099021208232 0.000200757011841774 0.0017259678307417 0.000140901071927703
0.000257956676869291 0.000112683996649096 7.00683558782296e-05 1.3486469537909e-05 6.76541838327771e-05 8.81513075901142e-05 8.28233161897465e-05 1.39575435575111e-05 3.49433083646592e-05 -0.0134535853579164 0.00366692986177092 0.000126955833477391 0.000775386950313695 0.00048794221663839 5.12595816807995e-05 4.38816234019214e-05 0.000578758543819991 7.02490728014822e-05 0.000135818930378256 0.00677467758516425
0.000378980320186021 0.000224826673594478 5.3894510342105e-05 2.64560131795154e-05 8.46923865036767e-05 0.000270172929693109 0.000135383051676594 3.78215904684098e-05 9.40259264863804e-05 0.00220721031109327 -0.00811201104172816 0.000191171518875904 0.00125859682860941 0.000980790298111341 0.000111686748727008 8.89234622409391e-05 0.000219136333361246 0.000199654120520761 0.000215908733526183 0.00133267928453182
0.000899936466062148 0.00386483324907545 0.000872649129823947 0.000364262799198044 0 0.00165917439903781 0.00165680924963967 0.000310060538200721 0.000298563189807882 0.000130930732884606 0.000327545031012581 -0.0127217877007862 0.000139238494707921 3.95019022950729e-05 0.000316557993500625 0.000658678487831341 0.000758928085006161 4.99314618595024e-05 0.000111031467454121 0.000263155023388603
0.000700043736945767 0.000272225593995226 0.000151670622378088 3.16969081522368e-05 0.00013288496266476 0.000636616137171083 0.00021674513127315 0.000112925658748271 9.92201282429793e-05 0.00209357954137135 0.00564568311450366 0.000364536785626453 -0.0143271340507586 0.000838616197420204 7.79918112362805e-05 0.000298380517205887 0.000816097729659909 0.000189795231621947 0.000227060499143263 0.00142136374339806
0.000188291565334998 7.62605435179844e-05 6.07024075257018e-05 3.21388891416663e-05 7.31925027422429e-05 4.18699110499388e-05 4.36754938137489e-05 5.85257154534807e-05 0.00018492820869044 0.000494391344290604 0.00165096365219835 3.88089181565728e-05 0.00031469854287346 -0.00723412698922241 4.73033509305441e-05 0.000145022174539458 0.000100841041193754 0.000614354990228323 0.00265239425913954 0.0004157634784016
0.00106339620337234 0.000173472901960776 0.000122035393425221 0.000342361841733498 1.05075205521263e-05 0.000315455078195033 0.000477074204484537 0.000198816807004831 0.000110249003277438 6.55305859151162e-05 0.000237208107582842 0.000392403922551177 3.6927254669474e-05 5.96840707405646e-05 -0.00504583995637207 0.000784577986568038 0.000326050369958113 3.40180944681263e-05 5.09090727367372e-05 0.00024516153717608
0.00382953980859331 0.00054979644204188 0.00166502350442757 0.000796855912666099 0.000342216225793492 0.000577710240016507 0.000725540494843989 0.00111161979983428 0.000270161848289736 4.59799495267905e-05 0.000154796470726202 0.00066922221064573 0.000115793795252667 0.000149974614169984 0.000643062122418288 -0.0154887634689949 0.00340932570516073 7.77007799119624e-05 0.000173540028174681 0.000180903516501034
0.00170902428774034 0.000400997539107694 0.000770640686658679 0.000367604798672952 0.00017597931432422 0.000497770643526942 0.000646432028789848 0.000149881492885198 0.000165237934772232 0.000632574800799773 0.000397912653391377 0.000804314983098954 0.000330358635548576 0.00010878006888129 0.000278759820431463 0.00355628993636473 -0.0125759072369249 6.85168500625907e-05 0.000127759657553854 0.00138707110431415
0.000124516615415816 0.000151027590903152 4.58522011602894e-05 2.92337193497524e-05 2.69951099796448e-05 7.21848463113808e-05 7.11022730940535e-05 7.35747180393561e-05 0.000101937379829413 7.64690638226888e-05 0.000361062463904097 5.27024154564475e-05 7.65172751259344e-05 0.000660027610266146 2.89658425961253e-05 8.07206686273989e-05 6.82382834604535e-05 -0.00293159740299966 0.000724364811652667 0.000106104514004846
0.000237850595525183 0.000179918809439077 0.000174917009989292 6.88036658425627e-05 9.55901866172382e-05 0.000115900375591683 0.000123865412981397 4.80567267636708e-05 0.000894638816134909 0.000150923816694301 0.000398590157543032 0.000119633997716943 9.34475853153803e-05 0.00290892878375836 4.42510588458747e-05 0.000184039622141912 0.000129890306166174 0.000739451410352627 -0.00694294317573103 0.000234244838311417
0.00171143369082212 0.000135848604875635 5.09173343300137e-05 2.25688657927057e-05 0.000229877918795036 0.000143848386607388 0.000269709543748992 5.21395090533146e-05 5.33090324487775e-05 0.00549487184351963 0.00179578140534945 0.000206962500710593 0.000426975731691287 0.000332822600679464 0.00015554364743769 0.000140032918780595 0.00102932658289918 7.90601474580764e-05 0.000170978496043672 -0.0125020087610436
