for_trans_p=[\
[0.589541669669, 0.0605119094848, 0.0454323220385, 0.219645705458, 0.0585222440848, 0.0263461492642],\
[0.548555017572, 0.213965168314, 0.0160997983871, 0.109371718372, 0.102744409623, 0.0092638877318],\
[0.580449875281, 0.011656700567, 0.0364008236044, 0.331924746528, 0.0219805466018, 0.0175873074177],\
[0.537391033026, 0.0268537298379, 0.053032909728, 0.300274387493, 0.0431218316676, 0.039326108247],\
[0.54195614312, 0.12406723653, 0.0477221741568, 0.180591586275, 0.0743323455917, 0.0313305143275],\
[0.56733013464, 0.0110150154393, 0.0349738779114, 0.346962144315, 0.0161404045808, 0.0235784231136],\
[0.673008704047, 0.0119663748032, 0.0163905610171, 0.25871069137, 0.0167727934072, 0.0231508753555],\
[0.843558040878, 0.0045304126574, 0.0130231181311, 0.129128317548, 0.00340870887122, 0.00635140191481],\
[0.848381750899, 0.00397222001543, 0.0105266608185, 0.0633316314824, 0.0638905200608, 0.00989721672377],\
[0.725325188361, 0.00971788667322, 0.0139430109534, 0.223162961166, 0.0125345510184, 0.0153164018279],\
[0.76279016886, 0.00493162838513, 0.0134490724524, 0.202675211448, 0.00643454070022, 0.00971937815431],\
[0.854167044142, 0.0106089098407, 0.0117770285369, 0.100395732634, 0.0212874236349, 0.0017638612115],\
[0.270877291227, 0.0714992850071, 0.189478105219, 0.139968600314, 0.150028499715, 0.178148218518],\
[0.270877291227, 0.0714992850071, 0.189478105219, 0.139968600314, 0.150028499715, 0.178148218518],\
[0.708867893059, 0.0159228506373, 0.04282342807, 0.196872495577, 0.0166188772351, 0.0188944554215],\
[0.270877291227, 0.0714992850071, 0.189478105219, 0.139968600314, 0.150028499715, 0.178148218518],\
[0.270877291227, 0.0714992850071, 0.189478105219, 0.139968600314, 0.150028499715, 0.178148218518],\
[0.599334714298, 0.00581647433848, 0.0368433979566, 0.324833453372, 0.00533186266852, 0.0278400973665],\
[0.459692060099, 0.0434352397594, 0.110517157603, 0.230945436942, 0.103866595116, 0.0515435104807],\
[0.675047329871, 0.0233321771434, 0.0686224637379, 0.177629209348, 0.0298178098568, 0.025551010043],\
[0.462621571258, 0.0232880893311, 0.085651155351, 0.347798309555, 0.049632569085, 0.0310083054198],\
[0.555793211991, 0.0226936680189, 0.066832647066, 0.269535047281, 0.0469385356732, 0.0382068899699],\
[0.67088127738, 0.0240319119973, 0.0361549563207, 0.209349574816, 0.0345956026839, 0.024986676802],\
[0.603814410872, 0.0201594335351, 0.0489205973666, 0.268865713303, 0.0356700055859, 0.0225698393369],\
[0.559882873452, 0.0153279358885, 0.0701741919211, 0.256633440368, 0.029234886017, 0.0687466723532],\
[0.700296324911, 0.00606001775423, 0.03860102354, 0.214170162081, 0.0137350686037, 0.0271374031102],\
[0.662317289855, 0.000785714199372, 0.0460382366991, 0.254285356672, 0.0346157104818, 0.00195769209256],\
[0.585004615514, 0.0131882427284, 0.056956485327, 0.261095062559, 0.0225594353881, 0.0611961584839],\
[0.706454112661, 0.00445514586109, 0.0270671384989, 0.235087940076, 0.00728615030919, 0.0196495125947],\
[0.759967166908, 0.00385431640812, 0.051041293128, 0.151582620447, 0.00413679841235, 0.0294178046972],\
[0.270877291227, 0.0714992850071, 0.189478105219, 0.139968600314, 0.150028499715, 0.178148218518],\
[0.270877291227, 0.0714992850071, 0.189478105219, 0.139968600314, 0.150028499715, 0.178148218518],\
[0.571015920581, 0.0120694367466, 0.0155128338879, 0.358762860066, 0.0317749285916, 0.0108640201274],\
[0.270877291227, 0.0714992850071, 0.189478105219, 0.139968600314, 0.150028499715, 0.178148218518],\
[0.270877291227, 0.0714992850071, 0.189478105219, 0.139968600314, 0.150028499715, 0.178148218518],\
[0.651006215933, 0.00427731625213, 0.0236747986343, 0.299196950157, 0.00682474096363, 0.0150199780604],\
[0.0866550543193, 0.424592724544, 0.00120645049993, 0.0864093093125, 0.392985776429, 0.0081506848948],\
[0.212360318289, 0.210684856245, 0.00159226877376, 0.102016546049, 0.471848951945, 0.00149705869773],\
[0.138093838725, 0.369138667452, 0.000482137392312, 0.122493559224, 0.354071314146, 0.0157204830605],\
[0.121608343998, 0.336520225389, 0.00142563553158, 0.0969938467242, 0.432907004892, 0.0105449434651],\
[0.254792851888, 0.244467124673, 0.000889577423025, 0.0992486807864, 0.376291202991, 0.0243105622389],\
[0.193636151121, 0.438845860353, 0.014996437329, 0.0831504737568, 0.268150872044, 0.00122020539588],\
[0.0844448040252, 0.423053478085, 0.000784419973722, 0.110468627306, 0.374319251068, 0.00692941954167],\
[0.197236419079, 0.491732196162, 0.0020600697771, 0.0696605495753, 0.237251160679, 0.00205960472764],\
[0.17168293117, 0.519842496325, 0.00350888823909, 0.0581475818245, 0.243519028978, 0.00329907346313],\
[0.152095020663, 0.417578583798, 0.00144546473273, 0.131980375684, 0.29078702174, 0.00611353338133],\
[0.235224195548, 0.380625358493, 0.00158463031189, 0.10134891137, 0.279359712123, 0.00185719215399],\
[0.197917387433, 0.662443441541, 0.0191851581959, 0.0183866099376, 0.099194016259, 0.00287338663332],\
[0.270877291227, 0.0714992850071, 0.189478105219, 0.139968600314, 0.150028499715, 0.178148218518],\
[0.270877291227, 0.0714992850071, 0.189478105219, 0.139968600314, 0.150028499715, 0.178148218518],\
[0.164484555763, 0.476871383155, 0.00180457125671, 0.153713985361, 0.191905029342, 0.0112204751219],\
[0.270877291227, 0.0714992850071, 0.189478105219, 0.139968600314, 0.150028499715, 0.178148218518],\
[0.270877291227, 0.0714992850071, 0.189478105219, 0.139968600314, 0.150028499715, 0.178148218518],\
[0.0225733145222, 0.172624856146, 0.0157899868417, 0.178330684724, 0.512502072915, 0.0981790848508],\
[0.0607828858214, 0.239360696157, 0.000974976344637, 0.0811753377579, 0.602243496746, 0.0154626071737],\
[0.21584765443, 0.218925637283, 0.0105803075114, 0.106222169124, 0.439572693341, 0.00885153831023],\
[0.109898263586, 0.344830475516, 0.00249940636416, 0.133721425414, 0.396289984061, 0.0127604450598],\
[0.139067187697, 0.182180724604, 0.00455969028297, 0.1487937932, 0.50902609002, 0.0163725141957],\
[0.29991459531, 0.138039585395, 0.00642076227505, 0.232082016654, 0.302492747727, 0.0210502926378],\
[0.224055307656, 0.316250917611, 0.00813933055244, 0.141784269822, 0.301672962763, 0.0080972115949],\
[0.0400145384082, 0.224905713794, 0.00204176912503, 0.0878916909926, 0.631735404094, 0.013410883587],\
[0.0985284586077, 0.205080900388, 0.00545846642609, 0.135695278662, 0.538094719571, 0.0171421763461],\
[0.070489151049, 0.487439608317, 0.000401440669461, 0.0532626471766, 0.388029716355, 0.000377436432681],\
[0.0793481107466, 0.266263322647, 0.00350725302533, 0.0921013797831, 0.547259537376, 0.0115203964222],\
[0.154375420567, 0.171227024473, 0.00686596837299, 0.16048484181, 0.495463878092, 0.0115828666849],\
[0.115756701707, 0.489109196578, 0.00163390107646, 0.027664793576, 0.365590695528, 0.0002447115351],\
[0.270877291227, 0.0714992850071, 0.189478105219, 0.139968600314, 0.150028499715, 0.178148218518],\
[0.270877291227, 0.0714992850071, 0.189478105219, 0.139968600314, 0.150028499715, 0.178148218518],\
[0.347100966885, 0.199550692323, 0.000662517459353, 0.213776111406, 0.234790306476, 0.00411940545037],\
[0.270877291227, 0.0714992850071, 0.189478105219, 0.139968600314, 0.150028499715, 0.178148218518],\
[0.270877291227, 0.0714992850071, 0.189478105219, 0.139968600314, 0.150028499715, 0.178148218518],\
[0.305417538916, 0.081429983714, 0.0437895912421, 0.28279934344, 0.2430005514, 0.0435629912874],\
[1.64899251132e-05, 4.35259024511e-06, 0.841735525147, 8.52072806445e-06, 9.13313446817e-06, 0.158225978476],\
[0.00101074623094, 0.000266791034821, 0.851453251811, 0.000522276099915, 0.000559813411947, 0.146187121411],\
[0.000205679573229, 5.42900527389e-05, 0.893082362239, 0.000106279422124, 0.000113917994579, 0.106437470718],\
[2.05149954404e-05, 5.41502574567e-06, 0.912313652747, 1.06005755751e-05, 1.13624659108e-05, 0.0876384541899],\
[0.000223682904842, 5.90421134679e-05, 0.944830281215, 0.000115582162547, 0.000123889346624, 0.0546475222572],\
[0.000780633983267, 0.000206051867261, 0.767116634953, 0.000403371746301, 0.000432363099932, 0.23106094435],\
[0.00752444235432, 0.00198611055941, 0.894151973847, 0.00388805447554, 0.00416749884236, 0.0882819199217],\
[0.00304359516364, 0.00080337069625, 0.968421014784, 0.00157269645251, 0.00168573014767, 0.0244735927558],\
[0.270877291227, 0.0714992850071, 0.189478105219, 0.139968600314, 0.150028499715, 0.178148218518],\
[0.00712841917673, 0.00188157845222, 0.978670268771, 0.00368342008331, 0.00394815685575, 0.00468815666101],\
[0.000730134751209, 0.000192722366773, 0.978947359058, 0.000377277617863, 0.000404393520097, 0.019348112686],\
[0.0902930323566, 0.0238332538892, 0.729824233919, 0.046656511145, 0.0500098333006, 0.0593831353895],\
[8.76634303923e-06, 2.31391585686e-06, 0.520912280738, 4.52977346132e-06, 4.85533980425e-06, 0.47906725389],\
[0.000520923066905, 0.000137499997356, 0.656133602767, 0.000269173071747, 0.000288519225221, 0.342650281872],\
[0.157690606573, 0.00128984197679, 0.419674280292, 0.0850514130894, 0.00728685144612, 0.329007006622],\
[2.20640221373e-05, 5.82389834176e-06, 0.245840960947, 1.14009937188e-05, 1.22204121429e-05, 0.754107529727],\
[0.000301984389053, 7.97101440389e-05, 0.428304878168, 0.000156042361694, 0.000167257523219, 0.570990127414],\
[0.101847200229, 0.000108788515081, 0.194553044511, 0.111804294845, 0.00375936149854, 0.587927310402],\
[3.60740444319e-05, 9.5219070322e-06, 0.677745302067, 1.86402982839e-05, 1.99800239446e-05, 0.322170481659],\
[0.000500702393702, 0.000132162659295, 0.802568340063, 0.000258724579321, 0.000277319773062, 0.196262750531],\
[0.000201847986573, 5.32786881276e-05, 0.781810336946, 0.000104299552129, 0.000111795826291, 0.217718441001],\
[5.85939864621e-05, 1.54661474898e-05, 0.732033197638, 3.02768764216e-05, 3.2452952558e-05, 0.267830012399],\
[0.000152094328175, 4.0145985176e-05, 0.831661691007, 7.85906789523e-05, 8.42391909925e-05, 0.16798323881],\
[0.000382059232975, 0.000100846260919, 0.704075420253, 0.000197418897074, 0.000211607895464, 0.295032647461],\
[0.00436903155338, 0.00115322562045, 0.422410899611, 0.00225758028104, 0.00241983831938, 0.567389424615],\
[0.00213291321788, 0.000562992081654, 0.82826355683, 0.00110212589747, 0.00118133848966, 0.166757073484],\
[0.270877291227, 0.0714992850071, 0.189478105219, 0.139968600314, 0.150028499715, 0.178148218518],\
[0.00223867750094, 0.000590909042074, 0.81148323872, 0.0011567767639, 0.0012399172529, 0.18329048072],\
[0.000366054049107, 9.66216203159e-05, 0.89214793389, 0.000189148646093, 0.000202743240503, 0.106997498554],\
[0.0225733145222, 0.00595832836806, 0.599122834064, 0.0116641569465, 0.0125024895813, 0.348178876518],\
[1.97333721718e-05, 5.20871275209e-06, 0.786711551842, 1.01966926421e-05, 1.09295548839e-05, 0.213242379826],\
[0.000198592373911, 5.24193544544e-05, 0.813921900191, 0.0001026173013, 0.000109992667815, 0.185614478111],\
[0.100131474873, 0.000180756483141, 0.849513805516, 0.0046387774881, 0.000137726295486, 0.045397459344],\
[3.26676314126e-05, 8.62276892351e-06, 0.563336887888, 1.68801254017e-05, 1.80933429594e-05, 0.436586848243],\
[0.000159434960804, 4.20835783279e-05, 0.662265728886, 8.23837546652e-05, 8.83048847069e-05, 0.337362063935],\
[0.0790245018005, 2.77612075174e-05, 0.500318053823, 0.0314727039921, 0.000299620661578, 0.388857358515],\
[0.493638629911, 0.103564314078, 0.0487955510959, 0.193981842311, 0.125349248163, 0.0346704144406],\
[0.5303549235, 0.161496971853, 0.0274479468643, 0.135276807568, 0.132972903307, 0.0124504469076],\
[0.595172917337, 0.062422015366, 0.0561070362627, 0.190294970008, 0.0648373248958, 0.0311657361297],\
[0.494728849358, 0.0696019421201, 0.053380328242, 0.235639185743, 0.102483413355, 0.0441662811819],\
[0.569075074726, 0.0614979593776, 0.0572968955825, 0.192917966001, 0.0748401617809, 0.0443719425325],\
[0.589976008639, 0.0712315053091, 0.0483168614445, 0.19229866668, 0.0684859509079, 0.029691007019],\
[0.651334470897, 0.0400124701504, 0.0368921138682, 0.208685656339, 0.0368764962911, 0.0261987924537],\
[0.765691834872, 0.032291800256, 0.0385303688081, 0.125529263982, 0.0196772313158, 0.0182795007653],\
[0.698467000807, 0.0563947071607, 0.0626041775767, 0.165261491968, 0.00789631163352, 0.00937631085457],\
[0.625799011873, 0.0349579276763, 0.0275841326412, 0.24106466376, 0.0447338463381, 0.0258604177112],\
[0.742045130733, 0.0280471473118, 0.0222138659498, 0.172582003711, 0.0178791847809, 0.0172326675141],\
[0.816944957741, 0.0276199963173, 0.0158597312187, 0.121866250418, 0.0153337312888, 0.00237533301662],\
[0.270877291227, 0.0714992850071, 0.189478105219, 0.139968600314, 0.150028499715, 0.178148218518],\
[0.270877291227, 0.0714992850071, 0.189478105219, 0.139968600314, 0.150028499715, 0.178148218518],\
[0.685640604975, 0.0425783856962, 0.059215559588, 0.14186706406, 0.0360413564854, 0.0346570291953],\
[0.270877291227, 0.0714992850071, 0.189478105219, 0.139968600314, 0.150028499715, 0.178148218518],\
[0.270877291227, 0.0714992850071, 0.189478105219, 0.139968600314, 0.150028499715, 0.178148218518],\
[0.494806934696, 0.0316553894796, 0.0803132627993, 0.291487980986, 0.041637384178, 0.0600990478615],\
[0.338913218454, 0.0391543807224, 0.0590524978033, 0.266532921406, 0.230462523535, 0.0658844580796],\
[0.510697141239, 0.0373999048546, 0.0691129171077, 0.237611646381, 0.103626870118, 0.0415515202992],\
[0.411791419321, 0.0373716750499, 0.0699460892192, 0.290928117456, 0.142657053926, 0.0473056450274],\
[0.277666460932, 0.0190621950792, 0.0445498463548, 0.434657736604, 0.141969941171, 0.0820938198594],\
[0.362451996085, 0.0179522637691, 0.0384546942807, 0.426247103158, 0.0972180424402, 0.0576759002677],\
[0.348409420217, 0.0200572735773, 0.0569494011456, 0.38870360369, 0.103698671193, 0.0821816301777],\
[0.344307592074, 0.0170442720508, 0.0876385588412, 0.345242604576, 0.0941220755672, 0.11164489689],\
[0.507844160166, 0.0121710014289, 0.0892536410081, 0.282484192313, 0.0513247519414, 0.0569222531431],\
[0.407537931737, 0.0345112320774, 0.148196387843, 0.282471541295, 0.102809314291, 0.0244735927558],\
[0.346957370972, 0.0133829342612, 0.052112884042, 0.430161460384, 0.0910774023077, 0.0663079480337],\
[0.383784955189, 0.00716463976487, 0.0359945213317, 0.491530987274, 0.0326957179717, 0.048829178468],\
[0.54231336061, 0.0105913789451, 0.0834119971237, 0.283241266095, 0.0453449294709, 0.0350970677553],\
[0.270877291227, 0.0714992850071, 0.189478105219, 0.139968600314, 0.150028499715, 0.178148218518],\
[0.270877291227, 0.0714992850071, 0.189478105219, 0.139968600314, 0.150028499715, 0.178148218518],\
[0.623115517626, 0.0244630692146, 0.0488071714924, 0.219356203095, 0.052420465312, 0.0318375732603],\
[0.270877291227, 0.0714992850071, 0.189478105219, 0.139968600314, 0.150028499715, 0.178148218518],\
[0.270877291227, 0.0714992850071, 0.189478105219, 0.139968600314, 0.150028499715, 0.178148218518],\
[0.407035090606, 0.0127809008463, 0.0564265790806, 0.411445285669, 0.0539368734635, 0.0583752703345],\
[0.0921214315748, 0.35223086723, 0.00157277832687, 0.063565510256, 0.478465747602, 0.0120436650107],\
[0.140663347397, 0.387383183403, 0.00138306559248, 0.0959121827801, 0.373357855959, 0.00130036486859],\
[0.110126564425, 0.303660440207, 0.000471343271857, 0.0849252963949, 0.480472699491, 0.0203436562104],\
[0.0744123535697, 0.238648046764, 0.00192929800425, 0.0590130173368, 0.618970228882, 0.00702705544293],\
[0.196781787003, 0.281044787384, 0.000458789335138, 0.128668205117, 0.37324461566, 0.0198018155012],\
[0.0929996514986, 0.461301139444, 0.00342789615482, 0.0666857905854, 0.369308433161, 0.00627708915628],\
[0.0941481217374, 0.394450133384, 0.000533990164322, 0.0420274324545, 0.462872058094, 0.00596826416533],\
[0.188261821806, 0.48574464013, 0.00232984484496, 0.0446880814751, 0.276002705674, 0.00297290606903],\
[0.306328775434, 0.410055403683, 0.0070177751786, 0.00518407215405, 0.264815827846, 0.00659814570439],\
[0.0912416566257, 0.377101858623, 0.00088513581113, 0.0655114591933, 0.462931036926, 0.00232885281995],\
[0.20691178772, 0.41981418412, 0.00197099402276, 0.0606097297209, 0.309220667582, 0.0014726368351],\
[0.193302254012, 0.355335398059, 0.00239848070905, 0.0903793556482, 0.356329448566, 0.00225506300569],\
[0.270877291227, 0.0714992850071, 0.189478105219, 0.139968600314, 0.150028499715, 0.178148218518],\
[0.270877291227, 0.0714992850071, 0.189478105219, 0.139968600314, 0.150028499715, 0.178148218518],\
[0.100609262534, 0.488870325626, 0.000202219848429, 0.0919316639068, 0.316061928324, 0.00232459976174],\
[0.270877291227, 0.0714992850071, 0.189478105219, 0.139968600314, 0.150028499715, 0.178148218518],\
[0.270877291227, 0.0714992850071, 0.189478105219, 0.139968600314, 0.150028499715, 0.178148218518],\
[0.031771992057, 0.301787424553, 0.00473699881575, 0.128499217875, 0.528750617812, 0.00445374888656],\
[0.0542313544412, 0.164213941775, 0.00187673626459, 0.0730573421547, 0.689159998984, 0.017460626381],\
[0.149361278047, 0.139751713049, 0.00958691053577, 0.201693290579, 0.476315847224, 0.0232909605654],\
[0.0963016149457, 0.202110477246, 0.00528974740796, 0.112550465751, 0.568371242824, 0.0153764518261],\
[0.0642167462431, 0.0851462253883, 0.00405102183009, 0.119166379359, 0.715498598511, 0.0119210286689],\
[0.161741997835, 0.0957938354531, 0.00789316572176, 0.218515839506, 0.496199895295, 0.0198552661888],\
[0.159932432463, 0.238062582695, 0.00851372753076, 0.106107247509, 0.473383803667, 0.0140002061348],\
[0.0166350616616, 0.0953194451935, 0.000879580751127, 0.0488818095727, 0.829182351133, 0.00910175168852],\
[0.0631377730213, 0.130554894231, 0.00403823699268, 0.078268176499, 0.708782705465, 0.015218213791],\
[0.0418639734428, 0.120099365297, 0.00375230272075, 0.0509147302551, 0.782807640921, 0.000561987363975],\
[0.0288967208153, 0.0819822541925, 0.00144384867822, 0.071686360138, 0.810526424663, 0.00546439151261],\
[0.0810975988128, 0.104891875643, 0.00390901722202, 0.162125356487, 0.640609326375, 0.00736682546028],\
[0.0745240038336, 0.205031210777, 0.0025788927847, 0.0519905412015, 0.665665516305, 0.000209835097646],\
[0.270877291227, 0.0714992850071, 0.189478105219, 0.139968600314, 0.150028499715, 0.178148218518],\
[0.270877291227, 0.0714992850071, 0.189478105219, 0.139968600314, 0.150028499715, 0.178148218518],\
[0.125845872493, 0.362664903433, 0.00455477194352, 0.112424899263, 0.391629602939, 0.00287994992837],\
[0.270877291227, 0.0714992850071, 0.189478105219, 0.139968600314, 0.150028499715, 0.178148218518],\
[0.270877291227, 0.0714992850071, 0.189478105219, 0.139968600314, 0.150028499715, 0.178148218518],\
[0.173378552233, 0.193483242436, 0.00822030906649, 0.2297421848, 0.36894336678, 0.0262323446847],\
[2.71015507483e-05, 7.15357678124e-06, 0.680259076858, 1.4004001987e-05, 1.50105052376e-05, 0.319677653507],\
[0.00134099003262, 0.000353960378517, 0.778165704051, 0.000692920757776, 0.000742722735509, 0.218703702044],\
[0.000375180050205, 9.90304695425e-05, 0.648461874675, 0.000193864263243, 0.000207797781055, 0.350662252761],\
[4.31268905538e-05, 1.13835376351e-05, 0.759941008184, 2.2284668011e-05, 2.38863237958e-05, 0.239958310397],\
[0.000281873045974, 7.44016641582e-05, 0.856596744468, 0.000145650362688, 0.000156118624806, 0.142745211834],\
[0.00118807012333, 0.000313596477474, 0.571006466184, 0.000613903481846, 0.000658026286929, 0.426219937446],\
[0.00105400774109, 0.000278210105906, 0.615523244532, 0.000544630329003, 0.000583774296351, 0.382016132995],\
[0.00146421613707, 0.000386486465595, 0.709132285993, 0.000756594553698, 0.000810972929137, 0.287449443922],\
[0.0902930323566, 0.0238332538892, 0.396492011693, 0.046656511145, 0.0500098333006, 0.392715357615],\
[0.000970896022549, 0.000256272392248, 0.76053574335, 0.000501684569832, 0.00053774191621, 0.237197661749],\
[0.000268198017147, 7.0792078507e-05, 0.849692546043, 0.000138584157044, 0.000148544552985, 0.149681335152],\
[0.0677198307004, 0.0178749553126, 0.547368631578, 0.034992412519, 0.0375074062315, 0.294536763658],\
[5.5124135012e-05, 1.45502645207e-05, 0.373257931678, 2.8483923426e-05, 3.0531135469e-05, 0.626613378863],\
[0.0208369070485, 0.00549999576923, 0.476113479913, 0.0107669147947, 0.0115407603533, 0.475241942122],\
[0.0799248436287, 0.00242385777835, 0.355669819592, 0.0459015726267, 0.0102229372155, 0.505856969158],\
[5.65629566578e-05, 1.49300479956e-05, 0.0737501522787, 2.92273960551e-05, 3.13280433675e-05, 0.926117799277],\
[0.00167209866222, 0.000441357997447, 0.130799251185, 0.000864012292345, 0.000926111053944, 0.865297168809],\
[0.011259983974, 0.000192123535883, 0.0396434603717, 0.0581461975777, 0.0121542487864, 0.878603985754],\
[4.94306568441e-05, 1.30474452317e-05, 0.570290050054, 2.55419707563e-05, 2.73777371763e-05, 0.429594552136],\
[0.00074622587476, 0.000196969691544, 0.689227198644, 0.000385592275879, 0.000413305773738, 0.30903070774],\
[0.000325968708472, 8.60409135254e-05, 0.650047501203, 0.000168435617708, 0.000180541514073, 0.349191512043],\
[4.27795324656e-05, 1.12918508981e-05, 0.435437377708, 2.2105180003e-05, 2.3693935528e-05, 0.564462751793],\
[0.000129731800145, 3.42432948552e-05, 0.512542851951, 6.7035440292e-05, 7.18534479317e-05, 0.487154284065],\
[0.000462252551839, 0.000122013649795, 0.462780674697, 0.000238856651214, 0.000256023886416, 0.536140178564],\
[0.000752444423543, 0.000198611105594, 0.439415210016, 0.000388805544755, 0.000416749988424, 0.558828178921],\
[0.00138204074581, 0.000364795899755, 0.582599358031, 0.000714132616626, 0.000765459144619, 0.414174213563],\
[0.0902930323566, 0.0238332538892, 0.396492011693, 0.046656511145, 0.0500098333006, 0.392715357615],\
[0.000496117207031, 0.000130952378554, 0.584596106509, 0.00025635530666, 0.000274780214748, 0.414245688384],\
[0.00015141419703, 3.99664614871e-05, 0.613856609201, 7.82392393614e-05, 8.38624925441e-05, 0.385789908408],\
[0.0169299894188, 0.00446874720703, 0.511842180099, 0.00874811953243, 0.00937686913946, 0.448634094604],\
[4.74478892145e-05, 1.25240847565e-05, 0.701206774039, 2.45174285785e-05, 2.62795585457e-05, 0.298682457],\
[0.000730134751209, 0.000192722366773, 0.757923106255, 0.000377277617863, 0.000404393520097, 0.240372365489],\
[0.0603044425992, 0.000315606889572, 0.694091190679, 0.0168383064849, 0.00131519770695, 0.22713525564],\
[3.41373660565e-05, 9.01071202393e-06, 0.275764269344, 1.76395714964e-05, 1.89073723769e-05, 0.724156035634],\
[0.000224424190353, 5.92377791281e-05, 0.437605199357, 0.000115965202022, 0.00012429991612, 0.561870873555],\
[0.0286372753963, 0.000141777932021, 0.287787991769, 0.0436580362654, 0.00261559519262, 0.637159323445]]

back_trans_p=[\
[0.590595200184, 0.0410349891775, 0.0607136226643, 0.217884483118, 0.0594273748142, 0.0303443300418],\
[0.588954331583, 0.155505619873, 0.0118515469859, 0.105782526416, 0.132176728821, 0.00572924632158],\
[0.575175959418, 0.0152125513901, 0.048116276974, 0.271727691879, 0.0661281919809, 0.0236393283574],\
[0.520129300502, 0.0193394071446, 0.0820689970477, 0.287784492145, 0.0468098747333, 0.0438679284274],\
[0.616414383591, 0.0808075753023, 0.0241753722378, 0.183825140818, 0.0856991598774, 0.00907836817319],\
[0.532486284743, 0.0139701469064, 0.0371146691288, 0.321677604125, 0.0693081201737, 0.025443174924],\
[0.700182226392, 0.00970259284171, 0.0209711609096, 0.237283269206, 0.0209558938817, 0.0109048567689],\
[0.817150969843, 0.00231095031587, 0.0133827523151, 0.156432848045, 0.00480689740547, 0.00591558207585],\
[0.722024936564, 0.00204285655918, 0.00541371273894, 0.203999084572, 0.00428657020384, 0.062232839362],\
[0.755873846854, 0.00505718472955, 0.020188303225, 0.204918294072, 0.00886050687532, 0.00510186424339],\
[0.766632801302, 0.00523885825914, 0.0130047164225, 0.203974583571, 0.00748855740681, 0.00366048303872],\
[0.724556905338, 0.000304255306202, 0.0263382116452, 0.226127522292, 0.021915020344, 0.000758085074124],\
[0.270877291227, 0.0714992850071, 0.189478105219, 0.139968600314, 0.150028499715, 0.178148218518],\
[0.270877291227, 0.0714992850071, 0.189478105219, 0.139968600314, 0.150028499715, 0.178148218518],\
[0.481987969715, 0.00795006622701, 0.0409993544196, 0.419901699868, 0.0398825303124, 0.00927837945856],\
[0.270877291227, 0.0714992850071, 0.189478105219, 0.139968600314, 0.150028499715, 0.178148218518],\
[0.270877291227, 0.0714992850071, 0.189478105219, 0.139968600314, 0.150028499715, 0.178148218518],\
[0.636764055275, 0.00957165602751, 0.034343331616, 0.283473779315, 0.0162052988334, 0.0196418789328],\
[0.559619568223, 0.0248724844435, 0.0635811398345, 0.249082228395, 0.0565749260134, 0.0462696530908],\
[0.658120754561, 0.0424586081097, 0.0373883314098, 0.196432413618, 0.0342771609171, 0.031322731384],\
[0.559009276262, 0.0129932349146, 0.0605698345489, 0.271578511314, 0.0575577462655, 0.038291396695],\
[0.550486521582, 0.0158802728635, 0.0508900223269, 0.29697812875, 0.0480110376302, 0.0377540168469],\
[0.646879940499, 0.0283858585062, 0.0315329360146, 0.234879022819, 0.0338699765845, 0.0244522655763],\
[0.544449395758, 0.00806884599463, 0.0461201722628, 0.308006737902, 0.0610996683007, 0.0322551797822],\
[0.640213929615, 0.00690496014879, 0.0159990875597, 0.295850820797, 0.0293808941731, 0.0116503077058],\
[0.687540255555, 0.00539673580903, 0.012425206414, 0.266538536438, 0.0118110666953, 0.0162881990886],\
[0.571148571481, 0.00134905634923, 0.00357509366508, 0.398867283233, 0.00283075418288, 0.0222292410888],\
[0.612585780057, 0.00656199795903, 0.0171633934881, 0.32537146925, 0.0266817418339, 0.0116356174115],\
[0.556319030495, 0.00309355502872, 0.0117020703788, 0.411783873395, 0.00933733296424, 0.00776413773835],\
[0.707250375925, 0.000218654427564, 0.0250442805797, 0.235902041716, 0.0249236383815, 0.00666100897061],\
[0.270877291227, 0.0714992850071, 0.189478105219, 0.139968600314, 0.150028499715, 0.178148218518],\
[0.270877291227, 0.0714992850071, 0.189478105219, 0.139968600314, 0.150028499715, 0.178148218518],\
[0.51701550261, 0.0119436924858, 0.035601055406, 0.362948822627, 0.0625922005455, 0.00989872632507],\
[0.270877291227, 0.0714992850071, 0.189478105219, 0.139968600314, 0.150028499715, 0.178148218518],\
[0.270877291227, 0.0714992850071, 0.189478105219, 0.139968600314, 0.150028499715, 0.178148218518],\
[0.610483544879, 0.00842023307524, 0.0483739930295, 0.287951846985, 0.0262036740042, 0.0185667080272],\
[0.109687455665, 0.483888157154, 0.000985114468523, 0.0681068791309, 0.331743305447, 0.00558908813439],\
[0.254377121481, 0.336735265821, 0.00159226877376, 0.118823267326, 0.278571657263, 0.0099004193361],\
[0.153995815149, 0.429371252635, 0.000707014898992, 0.075149138987, 0.336380696404, 0.00439608192552],\
[0.18653783079, 0.327616608355, 0.000341216292768, 0.0926964914151, 0.389888131412, 0.00291972173574],\
[0.308546546821, 0.219499983978, 0.00868233513268, 0.132408530481, 0.314963699638, 0.015898903949],\
[0.28846968869, 0.277581669427, 0.000938019755544, 0.109603806455, 0.322524885024, 0.000881930649409],\
[0.0998355917854, 0.484919920794, 0.0009273872228, 0.0657119759151, 0.347376125394, 0.00122899888866],\
[0.203425992364, 0.491712013425, 0.00115701362619, 0.0733927092951, 0.228622148568, 0.00169012272136],\
[0.103009766332, 0.556349938183, 0.00210533309941, 0.0682218813087, 0.257222526975, 0.013090554101],\
[0.256596129547, 0.336453508453, 0.000632331481696, 0.112042023965, 0.29404243201, 0.00023357454355],\
[0.282592529783, 0.372475286524, 0.000849947157591, 0.0802384308028, 0.263445677753, 0.000398127980153],\
[0.439302030308, 0.270656742127, 0.00102421616085, 0.141297127497, 0.146756910986, 0.00096297292092],\
[0.270877291227, 0.0714992850071, 0.189478105219, 0.139968600314, 0.150028499715, 0.178148218518],\
[0.270877291227, 0.0714992850071, 0.189478105219, 0.139968600314, 0.150028499715, 0.178148218518],\
[0.0619402675251, 0.165204411416, 0.000363685213749, 0.0712859295339, 0.697024996218, 0.0041807100925],\
[0.270877291227, 0.0714992850071, 0.189478105219, 0.139968600314, 0.150028499715, 0.178148218518],\
[0.270877291227, 0.0714992850071, 0.189478105219, 0.139968600314, 0.150028499715, 0.178148218518],\
[0.251605960303, 0.159346031272, 0.0145753734036, 0.0107669147947, 0.550001884614, 0.0137038356124],\
[0.121998433841, 0.283187861276, 0.000978012753242, 0.0810573905672, 0.508241882316, 0.00453641924623],\
[0.172817198416, 0.274866036265, 0.0020298293169, 0.104334418015, 0.442235538528, 0.00371697945875],\
[0.172404580917, 0.355030492513, 0.0021986690906, 0.0889833070428, 0.379205224044, 0.00217772639228],\
[0.165756327678, 0.196815937765, 0.0010026658252, 0.132392319609, 0.501147445768, 0.00288530335465],\
[0.213924031791, 0.224934627868, 0.000434587145996, 0.179220110568, 0.378784463789, 0.00270217883711],\
[0.183068724225, 0.251578722332, 0.000523425399905, 0.124696046279, 0.439640954706, 0.000492127058229],\
[0.0847325785506, 0.227041812076, 0.000635878561506, 0.0735414216371, 0.612869789881, 0.00117851929406],\
[0.142496053809, 0.235144186046, 0.000348723158803, 0.122016391959, 0.499116465391, 0.000878179636339],\
[0.0493770039861, 0.284027536691, 0.00149196838646, 0.0719682620497, 0.591732473092, 0.00140275579506],\
[0.116544099219, 0.166006098622, 4.53193014941e-05, 0.162673993871, 0.553013638955, 0.00171685003177],\
[0.204080292049, 0.163068524092, 0.00027346823877, 0.182812475016, 0.448693420522, 0.00107182008327],\
[0.353422839111, 0.235058661477, 0.000966734644554, 0.123163105961, 0.286479730282, 0.000908928525055],\
[0.270877291227, 0.0714992850071, 0.189478105219, 0.139968600314, 0.150028499715, 0.178148218518],\
[0.270877291227, 0.0714992850071, 0.189478105219, 0.139968600314, 0.150028499715, 0.178148218518],\
[0.116119500249, 0.0961639758168, 0.000872692583473, 0.155641943099, 0.629603832505, 0.00159805574763],\
[0.270877291227, 0.0714992850071, 0.189478105219, 0.139968600314, 0.150028499715, 0.178148218518],\
[0.270877291227, 0.0714992850071, 0.189478105219, 0.139968600314, 0.150028499715, 0.178148218518],\
[0.264881071027, 0.143049861373, 0.00320614546614, 0.178274846947, 0.407412468803, 0.00317560638341],\
[1.25048471921e-05, 3.30071092083e-06, 0.661905155266, 6.46154556068e-06, 6.92595327905e-06, 0.338065651677],\
[0.000687512672906, 0.000181472076612, 0.817739776199, 0.00035525379809, 0.000380786792366, 0.180655198461],\
[0.000205679573229, 5.42900527389e-05, 0.657698916798, 0.000106279422124, 0.000113917994579, 0.341820916159],\
[3.40643862751e-05, 8.99144868085e-06, 0.500778354501, 1.76018611449e-05, 1.88669516865e-05, 0.499142120851],\
[0.000673830829009, 0.000177860692093, 0.836292218003, 0.000348184070941, 0.00037320894594, 0.162134697459],\
[0.000374661128981, 9.88934979406e-05, 0.528616147599, 0.00019359612457, 0.000207510370574, 0.470509191279],\
[0.0150488805284, 0.00397222001543, 0.954970580572, 0.00777610679105, 0.00833499536945, 0.00989721672377],\
[0.0051109424319, 0.00134905634923, 0.946971142081, 0.00264094289794, 0.00283075418288, 0.0410971620571],\
[0.270877291227, 0.0714992850071, 0.189478105219, 0.139968600314, 0.150028499715, 0.178148218518],\
[0.0142568346017, 0.00376315591413, 0.852077446275, 0.00736683822798, 0.00789631163352, 0.114639413348],\
[0.0100325888768, 0.00264814716735, 0.747758241571, 0.00518407215405, 0.00555666460864, 0.228820285622],\
[0.0902930323566, 0.0238332538892, 0.396492011693, 0.046656511145, 0.0500098333006, 0.392715357615],\
[1.20081567462e-05, 3.16960723328e-06, 0.498988805524, 6.20489404814e-06, 6.65085556935e-06, 0.500983160962],\
[0.00257980927811, 0.0006809523161, 0.877994964, 0.00133304749209, 0.00142885700678, 0.115982369906],\
[0.225485338345, 0.0047779155278, 0.419656643214, 0.0422797502217, 0.00538138306291, 0.302418969629],\
[1.46595951864e-05, 3.86946639037e-06, 0.328563127866, 7.57495399525e-06, 8.11938521046e-06, 0.671402648733],\
[0.000288784645109, 7.62260119805e-05, 0.554573000484, 0.00014922174681, 0.000159946693391, 0.444752820418],\
[0.130454028453, 0.00156925754558, 0.206963555655, 0.0815874859589, 0.00451332919105, 0.574912343197],\
[1.92687437621e-05, 5.08607198386e-06, 0.879797230844, 9.95660832981e-06, 1.06722151012e-05, 0.120157785517],\
[0.000308871148131, 8.15279352163e-05, 0.875928701529, 0.000159600910381, 0.000171071833853, 0.123350226644],\
[0.000201697690233, 5.32390167294e-05, 0.795375630712, 0.000104221890512, 0.000111712582936, 0.204153498108],\
[7.61969055522e-05, 2.01125175243e-05, 0.719884521182, 3.93727143759e-05, 4.22025315269e-05, 0.279937594149],\
[0.000341588898593, 9.01639332892e-05, 0.81991106154, 0.000176506933461, 0.000189192935824, 0.179291485759],\
[0.000325968708472, 8.60409135254e-05, 0.752333901897, 0.000168435617708, 0.000180541514073, 0.246905111349],\
[0.00282166637274, 0.000744791589084, 0.981140314465, 0.00145802068146, 0.00156281233721, 0.012272394555],\
[0.000575116760613, 0.00015180466769, 0.972801423083, 0.000297176214497, 0.000318535025084, 0.0258559442493],\
[0.270877291227, 0.0714992850071, 0.189478105219, 0.139968600314, 0.150028499715, 0.178148218518],\
[0.00294434750605, 0.000777173828568, 0.936842072082, 0.00152141287811, 0.00163076069231, 0.0562842330126],\
[0.000851823872584, 0.000224842760225, 0.93141342983, 0.000440157218863, 0.000471792437994, 0.0665979538806],\
[0.0902930323566, 0.0238332538892, 0.729824233919, 0.046656511145, 0.0500098333006, 0.0593831353895],\
[2.80385053017e-05, 7.40089016934e-06, 0.938845820372, 1.44881482098e-05, 1.55294482812e-05, 0.0610887226363],\
[0.000947132834016, 0.000249999991259, 0.962200945378, 0.000489405577294, 0.000524580401238, 0.0355879358186],\
[0.0410755750535, 0.000135961572882, 0.903869345014, 0.00790800720891, 0.000473621237802, 0.0465374899125],\
[3.28021312269e-05, 8.65827075726e-06, 0.630805215996, 1.69496245859e-05, 1.81678372267e-05, 0.369118206141],\
[0.000150656283923, 3.97664068979e-05, 0.645266670494, 7.78476080209e-05, 8.34427136627e-05, 0.354381616494],\
[0.0277097248144, 5.46361787471e-05, 0.516595481479, 0.0399109116642, 0.0012611812716, 0.414468064592],\
[0.426129377995, 0.110724379159, 0.0795032070323, 0.206118738189, 0.12394215656, 0.0535821410641],\
[0.641743896688, 0.06099471889, 0.0638081864013, 0.134145071474, 0.0707752150841, 0.0285329114617],\
[0.623821446152, 0.0685298842177, 0.0896291669791, 0.150916702337, 0.0406692576209, 0.0264335426934],\
[0.459915407511, 0.062590901748, 0.12840651889, 0.214740375745, 0.0830888878816, 0.0512579082249],\
[0.704507856629, 0.0357796431512, 0.0624144079941, 0.127368707111, 0.0467657849526, 0.0231636001618],\
[0.611892854104, 0.0536543634049, 0.0682449126209, 0.181447552952, 0.0591112937404, 0.0256490231775],\
[0.531182735587, 0.0814415369416, 0.0621379065753, 0.220374656199, 0.0659883910466, 0.0388747736507],\
[0.762304819298, 0.0301486581211, 0.0711368830717, 0.105258938076, 0.0110993479023, 0.020051353531],\
[0.358672335494, 0.164094550245, 0.0591751191419, 0.301080188897, 0.0581089032138, 0.0588689030084],\
[0.624017541909, 0.0352678975269, 0.0665849314399, 0.207465890867, 0.044971607699, 0.0216921305586],\
[0.799928411586, 0.0252402061608, 0.0340883141541, 0.122645063208, 0.0101276416199, 0.00797036327151],\
[0.76098499051, 0.0184418175112, 0.0406890167022, 0.145963521965, 0.0260001081455, 0.00792054516653],\
[0.270877291227, 0.0714992850071, 0.189478105219, 0.139968600314, 0.150028499715, 0.178148218518],\
[0.270877291227, 0.0714992850071, 0.189478105219, 0.139968600314, 0.150028499715, 0.178148218518],\
[0.426344213432, 0.0363635335207, 0.0878938995661, 0.283500039136, 0.124080592172, 0.0418177221732],\
[0.270877291227, 0.0714992850071, 0.189478105219, 0.139968600314, 0.150028499715, 0.178148218518],\
[0.270877291227, 0.0714992850071, 0.189478105219, 0.139968600314, 0.150028499715, 0.178148218518],\
[0.530076878768, 0.0232409070481, 0.064020481893, 0.27128395427, 0.0655455804874, 0.0458321975332],\
[0.337106765162, 0.053703494552, 0.0484772296461, 0.305254845991, 0.208546539673, 0.046911124976],\
[0.479209375085, 0.0483899588181, 0.0541760161714, 0.257844248943, 0.127110667512, 0.0332697334702],\
[0.383903957361, 0.047479098525, 0.0538187414461, 0.320082727368, 0.144600485207, 0.0501149900934],\
[0.241057456763, 0.0227198006837, 0.0311440443354, 0.43448658041, 0.223000848966, 0.0475912688412],\
[0.474701357288, 0.0225628793994, 0.0347812830886, 0.323202260401, 0.115835404859, 0.0289168149635],\
[0.312116591604, 0.0207950975396, 0.0265253815223, 0.429817541758, 0.158043793181, 0.0527015943952],\
[0.380765051201, 0.027491127894, 0.0321882043423, 0.396341346023, 0.114131824613, 0.049082445927],\
[0.60275416828, 0.013487522055, 0.0353775352576, 0.274765893828, 0.0353688228017, 0.0382460577777],\
[0.265007435169, 0.034504234364, 0.0355040647878, 0.501186143967, 0.111440922759, 0.0523571989528],\
[0.33965618926, 0.0246353845465, 0.0249481062239, 0.487032158078, 0.102139868246, 0.0215882936459],\
[0.48246644236, 0.00876496482212, 0.0189641299048, 0.440378279017, 0.0349277572623, 0.0144984266336],\
[0.547680895327, 0.0190028298301, 0.022999018434, 0.328565974933, 0.062547225235, 0.0192040562414],\
[0.270877291227, 0.0714992850071, 0.189478105219, 0.139968600314, 0.150028499715, 0.178148218518],\
[0.270877291227, 0.0714992850071, 0.189478105219, 0.139968600314, 0.150028499715, 0.178148218518],\
[0.389976400811, 0.0312043298837, 0.0674057248972, 0.344040425076, 0.133535067215, 0.0338380521165],\
[0.270877291227, 0.0714992850071, 0.189478105219, 0.139968600314, 0.150028499715, 0.178148218518],\
[0.270877291227, 0.0714992850071, 0.189478105219, 0.139968600314, 0.150028499715, 0.178148218518],\
[0.307265841416, 0.0146269250657, 0.0378738553408, 0.466476111372, 0.13275254877, 0.0410047180358],\
[0.0718421333979, 0.396140074708, 0.00274850358338, 0.0629316393155, 0.456694370767, 0.00964327822748],\
[0.202200364383, 0.350801385477, 0.000885420519373, 0.145513871705, 0.295093584341, 0.00550537357452],\
[0.162899156376, 0.394774150332, 0.00345952102841, 0.110767934676, 0.316391434216, 0.0117078033715],\
[0.0976934686473, 0.359348706001, 0.00314092915733, 0.0833184300646, 0.450785591967, 0.00571287416265],\
[0.19920309445, 0.411795389545, 0.00772271167742, 0.128668205117, 0.249757935841, 0.00285266336918],\
[0.201323831236, 0.35007447552, 0.000197374997944, 0.150145800519, 0.289739611565, 0.00851890616126],\
[0.0546768768207, 0.416335944152, 0.00436991177831, 0.0482080275863, 0.465325875622, 0.0110833640407],\
[0.159314146765, 0.449226828795, 0.0157104477097, 0.0838888867841, 0.267550506915, 0.0243091830301],\
[0.0573339068104, 0.47189082286, 0.000510727749037, 0.0435039610915, 0.423584975106, 0.00317560638341],\
[0.0969263577381, 0.462714778514, 0.00267631533927, 0.0451699925147, 0.390368681056, 0.00214387483835],\
[0.171877595446, 0.452747974714, 0.00480245064758, 0.0662246682223, 0.297369249627, 0.00697806134304],\
[0.138165554185, 0.545705847761, 0.000187976188611, 0.0527182236834, 0.263045662073, 0.000176736109358],\
[0.270877291227, 0.0714992850071, 0.189478105219, 0.139968600314, 0.150028499715, 0.178148218518],\
[0.270877291227, 0.0714992850071, 0.189478105219, 0.139968600314, 0.150028499715, 0.178148218518],\
[0.0292874913123, 0.117136565026, 0.000211237455839, 0.109409106919, 0.735953202498, 0.00800239678927],\
[0.270877291227, 0.0714992850071, 0.189478105219, 0.139968600314, 0.150028499715, 0.178148218518],\
[0.270877291227, 0.0714992850071, 0.189478105219, 0.139968600314, 0.150028499715, 0.178148218518],\
[0.217721468042, 0.130070979625, 0.00116962955743, 0.136666473045, 0.488580401939, 0.0257910477907],\
[0.0457596489291, 0.138891795666, 0.00240605544684, 0.0828495425285, 0.719642977382, 0.0104499800476],\
[0.100501111422, 0.146837239096, 0.0093533135087, 0.141172928411, 0.592815319859, 0.00932008770322],\
[0.0983562732977, 0.205988494916, 0.00740150388664, 0.105016817592, 0.569668924974, 0.0135679853335],\
[0.0397438323124, 0.0669087689619, 0.00145033855283, 0.0889647610036, 0.798200715224, 0.00473158394477],\
[0.112669586399, 0.12631448159, 0.00549938955416, 0.195774965914, 0.551855191192, 0.00788638535077],\
[0.107084354402, 0.112264507855, 0.00105011030671, 0.114215812402, 0.660503608343, 0.00488160669122],\
